1,0,0,0,0,0,0,-0.212998,-0.0447,0.079019,0,0,0,0,989.147766,0,0,0,0,0,0,0,0,0,0,0,0,13840.59 
6,0,0,0,0,0,0,-0.17092,-0.037776,0.044398,37.332546,-7.267255,-30.695147,0,989.147766,0,0,0,0,0,0,0,0,0,0,0,0,13840.60 
11,0,0,0,0,0,0,-0.107536,-0.076658,0.008179,37.182545,-7.267255,-30.695147,0,989.15448,0,0,0,0,0,0,0,0,0,0,0,0,13840.62 
16,0,0,0,0,0,0,-0.080905,-0.113942,-0.012594,37.182545,-7.267255,-30.695147,0,989.15448,0,0,0,0,0,0,0,0,0,0,0,0,13840.63 
21,-0.166884,0.210492,0.525571,0.38167,2.492529,9.47692,-0.067589,-0.132585,-0.011529,37.032547,-7.267255,-30.995146,-0.67085,989.15448,0.022353,-0.967089,0.253454,0.998992,0.011737,-0.04332,0.038919,0.254167,0.966377,-1.558661,-0.256987,-0.040252,13840.64 
26,-0.229924,0.267203,0.421453,0.39336,2.486272,9.478086,-0.094221,-0.127791,-0.001409,37.032547,-7.567255,-30.995146,-0.67092,989.15448,0.014221,-0.967321,0.253155,0.999094,0.00359,-0.042406,0.040112,0.253529,0.966496,-1.567085,-0.256327,-0.041478,13840.65 
31,-0.363023,0.196153,0.264597,0.411274,2.47385,9.480576,-0.106471,-0.108616,0.025756,37.032547,-7.567255,-30.995146,-0.669109,989.15448,0.013126,-0.967657,0.25193,0.999034,0.002124,-0.043893,0.041938,0.252263,0.96675,-1.568601,-0.255018,-0.043354,13840.67 
36,-0.347232,0.290024,0.28787,0.421891,2.463453,9.482816,-0.13257,-0.063875,0.062507,37.032547,-7.417255,-30.995146,-0.667428,989.15448,0.015993,-0.967923,0.250736,0.998946,0.004678,-0.045659,0.043021,0.251202,0.966978,-1.565963,-0.253922,-0.044461,13840.68 
41,-0.34459,0.304015,0.214163,0.434196,2.444861,9.487071,-0.141625,-0.046298,0.088073,37.032547,-7.417255,-30.995146,-0.666202,989.15448,0.014364,-0.96842,0.248909,0.998916,0.002876,-0.046459,0.044276,0.249306,0.967412,-1.567827,-0.251964,-0.045735,13840.69 
46,-0.334809,0.368197,0.331838,0.440606,2.430926,9.490356,-0.143223,-0.040972,0.108314,37.182545,-7.417255,-31.295145,-0.668046,989.15448,0.015017,-0.968783,0.247454,0.998877,0.003415,-0.047249,0.044929,0.247885,0.967747,-1.567271,-0.250497,-0.046393,13840.70 
51,-0.206694,0.477603,0.31631,0.45059,2.410374,9.495128,-0.133635,-0.040972,0.115238,37.182545,-7.417255,-31.745146,-0.673709,989.161682,0.016069,-0.969314,0.245301,0.998815,0.004287,-0.048487,0.045947,0.24579,0.968234,-1.566373,-0.248334,-0.047419,13840.72 
56,-0.118245,0.465597,0.403034,0.456995,2.39792,9.497974,-0.107536,-0.04257,0.117901,37.182545,-7.417255,-31.745146,-0.673075,989.161682,0.014962,-0.969639,0.244081,0.998801,0.003117,-0.048844,0.046601,0.24452,0.968524,-1.567582,-0.247024,-0.048078,13840.73 
61,-0.130617,0.434502,0.267028,0.466586,2.381505,9.501637,-0.083035,-0.03245,0.117368,37.182545,-7.417255,-31.745146,-0.672121,989.161682,0.013506,-0.970064,0.242475,0.998776,0.00155,-0.049434,0.047579,0.242846,0.968897,-1.569199,-0.245298,-0.049066,13840.74 
66,-0.106681,0.411881,0.339519,0.472306,2.372005,9.503731,-0.079839,-0.057483,0.11364,37.182545,-7.417255,-32.195145,-0.678131,989.161682,0.015467,-0.970301,0.241406,0.99872,0.003363,-0.050473,0.048162,0.241877,0.969111,-1.56733,-0.2443,-0.049656,13840.75 
71,-0.207134,0.394655,0.336975,0.484173,2.360409,9.506021,-0.053208,-0.061212,0.13388,37.182545,-7.417255,-32.195145,-0.676938,989.161682,0.014426,-0.970599,0.240271,0.998676,0.002121,-0.051393,0.049372,0.240695,0.969344,-1.568611,-0.243082,-0.050889,13840.76 
76,-0.277402,0.422779,0.410442,0.49299,2.355322,9.506829,-0.024446,-0.061212,0.158381,37.182545,-7.417255,-32.345146,-0.678223,989.161682,0.014895,-0.970726,0.239726,0.998625,0.002388,-0.052377,0.050271,0.240176,0.969427,-1.568336,-0.242547,-0.05181,13840.78 
81,-0.231715,0.45012,0.299267,0.50253,2.352417,9.50705,-0.029772,-0.056418,0.169566,37.182545,-7.417255,-32.345146,-0.677253,989.161682,0.014632,-0.970801,0.239441,0.998579,0.001916,-0.053257,0.051244,0.23988,0.969449,-1.568823,-0.242242,-0.052809,13840.79 
86,-0.243015,0.549324,0.199914,0.516607,2.347654,9.507472,-0.03137,-0.039374,0.186078,37.032547,-7.417255,-32.195145,-0.675652,989.161682,0.013334,-0.970922,0.239023,0.998522,0.000336,-0.05434,0.052679,0.239394,0.969492,-1.570451,-0.241742,-0.054284,13840.80 
91,-0.116128,0.633349,0.163836,0.525163,2.343389,9.508056,-0.065458,-0.011144,0.198861,36.582546,-7.267255,-32.945145,-0.691115,989.165894,0.021556,-0.970995,0.238124,0.998332,0.008148,-0.057149,0.053552,0.238959,0.969552,-1.562405,-0.241294,-0.055177,13840.81 
96,0.011479,0.592738,0.262947,0.534485,2.333486,9.509972,-0.062795,0.026672,0.195133,36.582546,-7.267255,-32.945145,-0.690185,989.165894,0.020635,-0.971252,0.237159,0.9983,0.007085,-0.057846,0.054502,0.237949,0.969747,-1.563501,-0.240254,-0.056144,13840.83 
101,0.055384,0.564706,0.246153,0.536908,2.326389,9.511574,-0.072383,0.06875,0.178621,36.582546,-7.267255,-32.945145,-0.689952,989.165894,0.019979,-0.971433,0.23647,0.9983,0.006432,-0.057925,0.054749,0.237226,0.969911,-1.564176,-0.239509,-0.056388,13840.84 
106,0.096847,0.538304,0.114291,0.533996,2.315058,9.514502,-0.076644,0.123079,0.172229,36.432545,-6.667255,-32.945145,-0.69002,989.165894,0.034233,-0.971521,0.234468,0.997929,0.020446,-0.060983,0.054452,0.23607,0.970209,-1.549754,-0.23832,-0.056066,13840.85 
111,0.09642,0.638546,0.043835,0.527029,2.306167,9.517049,-0.108602,0.151841,0.161044,36.432545,-6.667255,-32.945145,-0.690763,989.165894,0.033427,-0.971752,0.233623,0.997995,0.019885,-0.060085,0.053742,0.235164,0.970469,-1.550336,-0.237387,-0.055321,13840.86 
116,-0.034621,0.528246,0.019258,0.511611,2.289869,9.521824,-0.145886,0.148645,0.163175,35.982544,-6.667255,-32.945145,-0.698583,989.165894,0.032333,-0.972165,0.232055,0.998115,0.019288,-0.058267,0.05217,0.233502,0.970956,-1.550959,-0.235677,-0.053679,13840.88 
121,-0.048646,0.658377,0.102717,0.500733,2.275572,9.525829,-0.151745,0.119883,0.182349,35.982544,-6.667255,-32.945145,-0.699741,989.165894,0.031017,-0.972532,0.230692,0.998214,0.01835,-0.056855,0.051061,0.232044,0.971364,-1.551931,-0.234178,-0.052518,13840.89 
126,-0.105412,0.646083,0.381463,0.489526,2.252018,9.532007,-0.143755,0.043184,0.202589,36.282547,-6.667255,-32.945145,-0.696823,989.165894,0.028607,-0.973137,0.228443,0.998344,0.016402,-0.055146,0.049918,0.229642,0.971994,-1.553943,-0.23171,-0.051311,13840.90 
131,-0.085255,0.6187,0.622116,0.488957,2.236906,9.535595,-0.095818,-0.017003,0.210579,35.382545,-6.667255,-32.945145,-0.709448,989.164795,0.027867,-0.973509,0.226942,0.998367,0.015781,-0.054895,0.04986,0.228101,0.97236,-1.554587,-0.230127,-0.051232,13840.91 
136,0.08404,0.502368,0.854148,0.497515,2.221811,9.53868,-0.030305,-0.049494,0.202589,35.382545,-6.667255,-32.945145,-0.708617,989.164795,0.026422,-0.973892,0.225467,0.998363,0.014261,-0.055394,0.050732,0.226562,0.972675,-1.556154,-0.228546,-0.05211,13840.92 
141,0.083547,0.601332,0.856972,0.506502,2.217333,9.539249,0.013371,-0.06281,0.199394,35.682545,-6.667255,-32.795143,-0.701337,989.164795,0.024875,-0.974022,0.225084,0.998355,0.012572,-0.055931,0.051649,0.226105,0.972733,-1.55789,-0.228077,-0.053047,13840.94 
146,0.083582,0.553213,0.677788,0.521341,2.217174,9.538486,0.028285,-0.047363,0.205253,35.682545,-6.667255,-32.795143,-0.699822,989.164795,0.024843,-0.97403,0.225051,0.998277,0.012199,-0.057398,0.053162,0.226089,0.972655,-1.558272,-0.228061,-0.054602,13840.95 
151,-0.031603,0.501606,0.584523,0.529966,2.218996,9.537588,0.022426,0.011759,0.198328,35.682545,-6.667255,-32.795143,-0.698936,989.164795,0.025004,-0.973988,0.225217,0.998226,0.012146,-0.058293,0.054041,0.226275,0.972563,-1.558326,-0.228251,-0.055509,13840.96 
156,0.065623,0.50867,0.330866,0.534372,2.220567,9.536976,0.011241,0.052239,0.195133,35.682545,-6.817255,-32.345146,-0.69249,989.164795,0.018545,-0.974009,0.225747,0.998342,0.005734,-0.057274,0.054491,0.226435,0.972501,-1.564909,-0.228416,-0.055973,13840.97 
161,-0.043768,0.650573,0.132795,0.534094,2.222378,9.53657,0.00698,0.108698,0.188208,35.682545,-6.817255,-32.345146,-0.692514,989.164795,0.018713,-0.973966,0.225922,0.99834,0.005893,-0.057285,0.054462,0.226619,0.972459,-1.564746,-0.228605,-0.055946,13840.99 
166,-0.107964,0.536266,0.138214,0.528618,2.222,9.536963,-0.037229,0.077805,0.182882,35.682545,-7.267255,-32.345146,-0.694687,989.164795,0.006986,-0.973977,0.226538,0.998522,-0.005418,-0.054084,0.053904,0.226581,0.9725,-1.576359,-0.228566,-0.055372,13841.00 
171,-0.159626,0.549442,0.030829,0.522346,2.215659,9.538784,-0.087829,0.045315,0.14613,35.832546,-7.417255,-32.495148,-0.695948,989.171387,0.003385,-0.974103,0.226078,0.998575,-0.00875,-0.05265,0.053264,0.225934,0.972685,-1.579779,-0.227902,-0.054706,13841.01 
176,-0.138567,0.496312,0.154529,0.521422,2.207578,9.540708,-0.131505,-0.021264,0.126956,35.832546,-7.417255,-32.495148,-0.696045,989.171387,0.002633,-0.974288,0.225292,0.998582,-0.009417,-0.052396,0.05317,0.22511,0.972881,-1.580462,-0.227056,-0.054598,13841.02 
181,-0.385844,0.376583,0.217203,0.527839,2.188917,9.544654,-0.167191,-0.077723,0.112575,35.832546,-7.417255,-32.495148,-0.695393,989.171387,0.000907,-0.974707,0.223484,0.99855,-0.011147,-0.052666,0.053825,0.223207,0.973284,-1.582232,-0.225104,-0.055246,13841.04 
186,-0.405671,0.414943,0.410005,0.53685,2.172347,9.547936,-0.205541,-0.07293,0.089671,35.832546,-7.717255,-32.495148,-0.695451,989.171387,-0.008387,-0.974944,0.222291,0.998465,-0.020334,-0.051514,0.054743,0.221518,0.973619,-1.59165,-0.223371,-0.056168,13841.05 
191,-0.509386,0.246045,0.610516,0.550821,2.142734,9.55383,-0.207671,-0.042037,0.084345,35.832546,-7.717255,-32.495148,-0.693994,989.171387,-0.011106,-0.975563,0.21944,0.99836,-0.023145,-0.052369,0.056168,0.218498,0.97422,-1.594517,-0.220275,-0.057591,13841.06 
196,-0.491747,0.052738,0.668097,0.557407,2.121942,9.558088,-0.22365,0.02827,0.077421,37.632545,-7.717255,-32.495148,-0.668905,989.171387,-0.012424,-0.976003,0.217402,0.998306,-0.024466,-0.052787,0.05684,0.216378,0.974654,-1.595859,-0.218103,-0.058252,13841.07 
201,-0.56196,-0.111486,0.574851,0.556573,2.089203,9.565346,-0.245488,0.098045,0.061974,37.632545,-7.717255,-32.495148,-0.668943,989.171387,-0.015318,-0.976668,0.214209,0.998271,-0.027098,-0.052167,0.056755,0.213039,0.975394,-1.598535,-0.214685,-0.058121,13841.09 
206,-0.703211,-0.239095,0.480788,0.549182,2.065809,9.570853,-0.236966,0.161428,0.068899,37.032547,-8.017255,-32.495148,-0.678504,989.171387,-0.025199,-0.97688,0.212299,0.998113,-0.036482,-0.049398,0.056001,0.210654,0.975955,-1.608125,-0.212244,-0.057318,13841.10 
211,-1.02852,-0.136934,0.428681,0.528529,2.03209,9.57923,-0.185301,0.21629,0.105118,36.732544,-8.017255,-32.495148,-0.684562,989.175598,-0.028517,-0.977513,0.208938,0.998139,-0.039116,-0.046774,0.053895,0.207216,0.97681,-1.610791,-0.208728,-0.055119,13841.11 
216,-1.222279,-0.168005,0.35515,0.509705,2.01363,9.584147,-0.109667,0.228007,0.158381,36.732544,-8.017255,-32.495148,-0.686426,989.175598,-0.030256,-0.977861,0.207058,0.99819,-0.040332,-0.044612,0.051975,0.205333,0.977311,-1.612018,-0.206804,-0.053132,13841.12 
221,-1.506972,-0.122712,0.052664,0.469446,1.995884,9.589914,-0.01326,0.208833,0.233482,36.582546,-8.017255,-32.495148,-0.692511,989.175598,-0.032141,-0.978201,0.20516,0.998336,-0.041251,-0.040285,0.04787,0.203524,0.977899,-1.612942,-0.204955,-0.048913,13841.13 
226,-1.593354,-0.209138,-0.291427,0.442969,1.991943,9.591992,0.061841,0.180071,0.325627,36.582546,-8.017255,-32.495148,-0.695198,989.175598,-0.0326,-0.978289,0.204664,0.998447,-0.041131,-0.037568,0.04517,0.203122,0.978111,-1.612816,-0.204545,-0.046148,13841.15 
231,-1.537096,-0.10986,-0.52071,0.429583,1.995046,9.591957,0.114039,0.105502,0.395402,36.582546,-8.017255,-32.495148,-0.696574,989.175598,-0.032367,-0.978244,0.204916,0.998516,-0.040634,-0.036268,0.043805,0.203438,0.978107,-1.612311,-0.204868,-0.044756,13841.16 
236,-1.419104,0.044936,-1.072206,0.423601,2.008646,9.589384,0.12842,0.001639,0.431089,36.582546,-8.017255,-32.495148,-0.697229,989.175598,-0.031144,-0.978007,0.206234,0.998581,-0.039362,-0.035866,0.043195,0.204825,0.977845,-1.611022,-0.206285,-0.044145,13841.17 
241,-1.211409,0.241065,-1.364462,0.430048,2.019501,9.586818,0.086874,-0.096366,0.412979,36.582546,-8.017255,-32.495148,-0.696606,989.175598,-0.030126,-0.977807,0.20733,0.998584,-0.038543,-0.036676,0.043853,0.205932,0.977583,-1.610194,-0.207416,-0.044828,13841.18 
246,-0.899753,0.464171,-1.563077,0.454457,2.029673,9.583542,-0.008999,-0.203425,0.353324,36.582546,-8.017255,-32.495148,-0.694148,989.175598,-0.02911,-0.977605,0.208425,0.998501,-0.038106,-0.039279,0.046342,0.206969,0.977249,-1.609756,-0.208476,-0.047385,13841.20 
251,-0.89824,0.552894,-1.499689,0.479773,2.028206,9.582619,-0.118189,-0.239111,0.288343,36.582546,-8.017255,-32.495148,-0.691561,989.169067,-0.029155,-0.977614,0.208376,0.998377,-0.038683,-0.041798,0.048923,0.206819,0.977155,-1.610345,-0.208323,-0.050025,13841.21 
256,-0.82509,0.631149,-1.197504,0.523072,2.011897,9.583791,-0.18317,-0.239111,0.230286,36.582546,-8.017255,-32.495148,-0.687092,989.169067,-0.030483,-0.977877,0.206947,0.998111,-0.040828,-0.045905,0.053338,0.205156,0.977275,-1.612524,-0.206623,-0.054525,13841.22 
261,-0.679562,0.605216,-0.869363,0.55076,1.993751,9.586032,-0.255608,-0.23485,0.154653,36.582546,-8.017255,-32.495148,-0.684208,989.169067,-0.032023,-0.978178,0.205286,0.997908,-0.042832,-0.048426,0.056162,0.203306,0.977503,-1.614556,-0.204733,-0.057391,13841.23 
266,-0.45631,0.249313,-0.603495,0.588824,1.95584,9.591578,-0.337633,-0.20449,0.06304,36.432545,-8.017255,-32.495148,-0.682234,989.169067,-0.035433,-0.978793,0.201763,0.997567,-0.04677,-0.051703,0.060043,0.19944,0.978069,-1.618544,-0.200787,-0.061313,13841.25 
271,-0.321927,0.210677,-0.443745,0.610059,1.923946,9.5967,-0.406343,-0.155488,-0.023779,36.432545,-8.017255,-32.495148,-0.679945,989.169067,-0.038223,-0.979303,0.19876,0.997331,-0.04977,-0.053422,0.062209,0.196188,0.978591,-1.621574,-0.197469,-0.063484,13841.26 
276,-0.50766,0.222346,-0.008013,0.632287,1.866735,9.606555,-0.453747,-0.094235,-0.099946,36.432545,-8.017255,-32.495148,-0.677434,989.169067,-0.043273,-0.980182,0.193316,0.996981,-0.054854,-0.05496,0.064475,0.190354,0.979596,-1.626701,-0.191523,-0.065723,13841.27 
281,-0.642296,0.171328,0.204449,0.640178,1.824615,9.614122,-0.462269,-0.042037,-0.142024,36.432545,-8.017255,-32.495148,-0.676431,989.169067,-0.047016,-0.980799,0.189271,0.996759,-0.058449,-0.055279,0.06528,0.186059,0.980368,-1.630319,-0.18715,-0.066489,13841.28 
286,-0.866758,0.186544,0.67736,0.642611,1.758834,9.626211,-0.438301,0.013889,-0.1596,36.282547,-8.017255,-32.345146,-0.675667,989.169067,-0.053814,-0.981648,0.182952,0.996399,-0.064812,-0.054674,0.065528,0.179351,0.9816,-1.636725,-0.180327,-0.066658,13841.29 
291,-1.013552,0.116032,0.883399,0.638524,1.717534,9.633938,-0.380777,0.071414,-0.13723,36.282547,-8.017255,-32.345146,-0.675845,989.175293,-0.05753,-0.982181,0.178916,0.996218,-0.068166,-0.053875,0.065111,0.17514,0.982388,-1.640088,-0.176048,-0.066182,13841.31 
296,-1.109245,0.260078,0.918981,0.624781,1.663767,9.644268,-0.298219,0.116687,-0.121784,36.282547,-8.017255,-32.345146,-0.676911,989.175293,-0.062417,-0.982837,0.173596,0.996015,-0.072444,-0.052027,0.06371,0.169657,0.983442,-1.644372,-0.170482,-0.064692,13841.32 
301,-1.145591,0.192294,0.873399,0.6112,1.63545,9.649981,-0.209269,0.149711,-0.077575,36.282547,-8.017255,-32.345146,-0.678108,989.175293,-0.065034,-0.983167,0.170743,0.995935,-0.074636,-0.05043,0.062325,0.16677,0.984024,-1.646565,-0.167552,-0.063252,13841.33 
306,-1.04297,0.236954,0.820808,0.596361,1.613666,9.654575,-0.137364,0.163559,-0.059998,36.282547,-8.017255,-32.345146,-0.679471,989.175293,-0.067078,-0.983415,0.168511,0.995893,-0.076285,-0.048766,0.060812,0.164548,0.984493,-1.648213,-0.1653,-0.061691,13841.34 
311,-1.006177,0.384763,0.381137,0.571147,1.592472,9.659617,-0.099547,0.161961,-0.041356,36.282547,-8.017255,-32.345146,-0.681889,989.175293,-0.069145,-0.983656,0.166253,0.995905,-0.077791,-0.046061,0.058241,0.162387,0.985007,-1.649716,-0.163109,-0.059059,13841.36 
316,-1.049573,0.503228,0.121082,0.554449,1.582809,9.662179,-0.05161,0.148645,-0.034965,36.282547,-7.717255,-32.345146,-0.683044,989.175293,-0.062424,-0.984344,0.164832,0.996447,-0.070824,-0.045578,0.056538,0.161402,0.985268,-1.642623,-0.162111,-0.057321,13841.37 
321,-1.042917,0.539855,-0.304851,0.528346,1.576485,9.664675,-0.048947,0.124144,-0.024845,36.282547,-7.717255,-32.345146,-0.685662,989.175293,-0.063157,-0.984431,0.164031,0.996548,-0.07108,-0.042885,0.053876,0.160757,0.985523,-1.642875,-0.161457,-0.054613,13841.38 
326,-1.076037,0.591173,-0.551658,0.513732,1.572948,9.666039,-0.042555,0.093251,-0.014192,36.282547,-7.717255,-32.795143,-0.693814,989.175293,-0.06164,-0.984615,0.163502,0.996723,-0.069322,-0.041693,0.052386,0.160396,0.985662,-1.641085,-0.161092,-0.053098,13841.39 
331,-1.270093,0.731101,-0.526711,0.492977,1.572147,9.66725,-0.014858,0.041586,0.016168,36.282547,-7.567255,-32.795143,-0.69568,989.177795,-0.057968,-0.984901,0.163127,0.997052,-0.065345,-0.040218,0.05027,0.160314,0.985785,-1.637046,-0.161009,-0.05095,13841.41 
336,-1.237461,0.818515,-0.427384,0.482625,1.574226,9.667434,0.029883,-0.017003,0.051322,36.282547,-7.567255,-32.795143,-0.696747,989.177795,-0.05784,-0.984885,0.163264,0.997112,-0.065054,-0.039185,0.049214,0.160526,0.985804,-1.636753,-0.161224,-0.049881,13841.42 
341,-1.259428,0.809646,-0.312486,0.466492,1.590303,9.665594,0.089005,-0.080919,0.08328,36.282547,-6.517255,-33.245148,-0.703136,989.177795,-0.027261,-0.986155,0.16357,0.998496,-0.03465,-0.042489,0.047569,0.162166,0.985616,-1.605918,-0.162885,-0.048226,13841.43 
346,-1.176927,0.867167,-0.352,0.460936,1.607919,9.662946,0.112973,-0.138444,0.112042,36.282547,-7.567255,-34.895149,-0.72926,989.177795,-0.045705,-0.98505,0.166093,0.997849,-0.052842,-0.038806,0.047002,0.163962,0.985346,-1.624389,-0.164706,-0.047665,13841.44 
351,-1.104725,0.941867,-0.489401,0.46979,1.635748,9.657847,0.119898,-0.200762,0.126423,36.282547,-7.567255,-34.895149,-0.728485,989.177795,-0.042963,-0.984702,0.168869,0.997927,-0.0504,-0.040006,0.047905,0.1668,0.984826,-1.621935,-0.167583,-0.048605,13841.46 
356,-0.912437,0.927583,-0.348989,0.484172,1.655088,9.653841,0.106582,-0.262014,0.121629,36.282547,-7.267255,-34.295143,-0.718122,989.177795,-0.035953,-0.984681,0.17062,0.998133,-0.043817,-0.042548,0.049372,0.168772,0.984418,-1.615266,-0.169584,-0.050111,13841.47 
361,-0.684462,0.911906,-0.02181,0.51873,1.675125,9.648588,0.064504,-0.271602,0.094998,36.282547,-7.267255,-34.295143,-0.714669,989.177795,-0.033904,-0.984386,0.172726,0.998024,-0.042494,-0.046278,0.052896,0.170815,0.983882,-1.613938,-0.171657,-0.053711,13841.48 
366,-0.557729,0.875505,0.352078,0.54678,1.681615,9.64591,0.036274,-0.254025,0.045996,36.282547,-7.117255,-34.295143,-0.711522,989.177795,-0.029317,-0.984436,0.173283,0.998014,-0.038499,-0.049861,0.055756,0.171477,0.983609,-1.609884,-0.172329,-0.056625,13841.49 
371,-0.494623,0.984445,1.055093,0.584472,1.687434,9.642684,0.037872,-0.22473,-0.016855,35.982544,-7.417255,-34.295143,-0.71245,989.173096,-0.036601,-0.983992,0.174413,0.997551,-0.046384,-0.052348,0.0596,0.17207,0.98328,-1.6179,-0.172931,-0.060539,13841.50 
376,-0.65464,0.998043,1.646974,0.605664,1.69167,9.640633,0.091668,-0.233252,-0.073314,35.982544,-7.417255,-34.295143,-0.710304,989.173096,-0.036104,-0.983921,0.17492,0.997438,-0.046295,-0.05454,0.061761,0.172502,0.983071,-1.617814,-0.17337,-0.062742,13841.52 
381,-0.688574,0.919021,2.126045,0.626494,1.699849,9.637863,0.182748,-0.28332,-0.110066,35.832546,-7.417255,-34.295143,-0.710293,989.173096,-0.035373,-0.983788,0.175812,0.99733,-0.045996,-0.056717,0.063885,0.173336,0.982789,-1.617516,-0.174216,-0.064912,13841.53 
386,-0.856496,0.822542,2.444243,0.663751,1.724552,9.630978,0.28022,-0.353627,-0.13723,35.832546,-7.417255,-33.995148,-0.702327,989.173096,-0.034259,-0.983354,0.178443,0.997118,-0.045723,-0.060533,0.067684,0.175855,0.982086,-1.61726,-0.176775,-0.06881,13841.54 
391,-0.967537,0.818715,2.475574,0.694059,1.750478,9.624163,0.355321,-0.341376,-0.155339,35.832546,-7.417255,-33.995148,-0.699321,989.173096,-0.031686,-0.98296,0.181069,0.996989,-0.043911,-0.063912,0.070774,0.178499,0.981391,-1.615439,-0.179461,-0.071992,13841.55 
396,-0.992777,0.771429,2.16856,0.739316,1.801911,9.611291,0.377159,-0.298766,-0.185167,35.682545,-7.417255,-33.845146,-0.694816,989.173096,-0.0275,-0.982119,0.186242,0.996775,-0.040992,-0.068988,0.075389,0.183744,0.980079,-1.612511,-0.184794,-0.07677,13841.57 
401,-0.974896,0.690337,1.785249,0.765439,1.839256,9.602168,0.299395,-0.210349,-0.225647,35.682545,-7.417255,-33.845146,-0.692246,989.173096,-0.023894,-0.981511,0.189909,0.996663,-0.038219,-0.072129,0.078053,0.187552,0.979149,-1.609716,-0.188669,-0.079547,13841.58 
406,-1.022055,0.876633,1.153487,0.792264,1.885836,9.59095,0.127887,-0.170401,-0.258137,35.532547,-7.417255,-33.845146,-0.691713,989.173096,-0.019508,-0.980719,0.194447,0.99654,-0.034788,-0.075479,0.080788,0.192302,0.978005,-1.606253,-0.193507,-0.082418,13841.59 
411,-0.895235,0.883773,0.850741,0.804045,1.901761,9.586824,-0.132037,-0.243372,-0.315662,35.532547,-7.417255,-33.995148,-0.692665,989.180298,-0.017205,-0.980465,0.19594,0.996485,-0.032885,-0.077052,0.08199,0.193926,0.977584,-1.604324,-0.195162,-0.083674,13841.60 
416,-0.649075,0.506419,0.876974,0.82949,1.890754,9.586834,-0.409006,-0.360551,-0.368392,35.532547,-7.417255,-33.995148,-0.690042,989.180298,-0.018163,-0.98064,0.194977,0.996251,-0.034248,-0.079445,0.084584,0.192803,0.977585,-1.605706,-0.194018,-0.086309,13841.62 
421,-0.618842,0.192813,1.327843,0.856209,1.856642,9.591151,-0.594362,-0.34404,-0.391296,35.682545,-7.417255,-34.295143,-0.689363,989.180298,-0.019715,-0.981254,0.19171,0.995986,-0.03602,-0.08194,0.087309,0.189325,0.978025,-1.607488,-0.190474,-0.089035,13841.63 
426,-0.717421,-0.040673,2.413313,0.894724,1.77889,9.602365,-0.582112,-0.238046,-0.359338,35.682545,-7.417255,-34.295143,-0.685234,989.180298,-0.026885,-0.982463,0.184511,0.995466,-0.043159,-0.08476,0.091236,0.181396,0.979169,-1.614698,-0.182406,-0.092909,13841.64 
431,-0.78652,-0.180082,3.149915,0.911932,1.724959,9.610581,-0.454813,-0.103822,-0.322053,35.682545,-7.417255,-34.295143,-0.683308,989.180298,-0.031863,-0.983242,0.179501,0.995157,-0.047918,-0.085828,0.092991,0.175897,0.980007,-1.619492,-0.176817,-0.094605,13841.65 
436,-0.669871,-0.479193,3.468985,0.920734,1.664274,9.620438,-0.202878,0.034662,-0.275714,35.532547,-7.417255,-34.445145,-0.686408,989.180298,-0.036963,-0.984091,0.173779,0.994896,-0.052578,-0.086122,0.093889,0.169709,0.981012,-1.624173,-0.170534,-0.095415,13841.66 
441,-0.766423,-0.659981,3.038948,0.913617,1.645836,9.624288,0.034144,0.154504,-0.207005,35.532547,-7.417255,-34.445145,-0.687063,989.180298,-0.038733,-0.984334,0.172006,0.994897,-0.054037,-0.085203,0.093163,0.167829,0.981404,-1.625638,-0.168627,-0.094645,13841.68 
446,-0.894469,-0.568832,2.102877,0.886919,1.652868,9.62558,0.2195,0.221616,-0.12711,35.082546,-7.267255,-34.895149,-0.702192,989.178894,-0.032782,-0.984537,0.172082,0.995362,-0.04774,-0.083517,0.090441,0.168546,0.981536,-1.619248,-0.169354,-0.091882,13841.69 
451,-0.7716,-0.479699,1.350311,0.863243,1.675301,9.623854,0.319635,0.207767,-0.072781,35.082546,-7.117255,-35.795143,-0.716728,989.178894,-0.022783,-0.984581,0.173438,0.995858,-0.037626,-0.082777,0.088026,0.170833,0.98136,-1.608993,-0.171675,-0.089459,13841.70 
456,-0.501406,-0.405939,0.52245,0.841652,1.705675,9.62043,0.309515,0.11722,-0.096217,35.082546,-7.117255,-35.795143,-0.719004,989.178894,-0.019853,-0.98415,0.176224,0.996112,-0.0346,-0.081011,0.085825,0.17393,0.981011,-1.605939,-0.17482,-0.087264,13841.71 
461,-0.235134,-0.434835,-0.2326,0.819507,1.752459,9.613932,0.24187,0.003769,-0.15747,35.082546,-7.117255,-36.395149,-0.729388,989.178894,-0.012441,-0.983525,0.180341,0.996424,-0.027267,-0.079966,0.083566,0.178701,0.980348,-1.598513,-0.179666,-0.085036,13841.73 
466,-0.119489,-0.375584,-0.136206,0.814375,1.778407,9.609602,0.184879,-0.099561,-0.213396,35.082546,-6.667255,-36.695145,-0.732825,989.178894,0.003186,-0.983346,0.181714,0.996541,-0.011968,-0.082238,0.083043,0.181347,0.979907,-1.582966,-0.182356,-0.084544,13841.74 
471,-0.322856,-0.548086,0.193368,0.821449,1.809701,9.603155,0.202456,-0.150161,-0.243224,35.082546,-6.667255,-36.695145,-0.732086,989.178894,0.006374,-0.982782,0.184659,0.996465,-0.009226,-0.083498,0.083764,0.184538,0.979249,-1.580184,-0.185602,-0.085332,13841.75 
476,-0.49912,-0.80962,0.431656,0.830991,1.830414,9.598408,0.247197,-0.165075,-0.226712,35.082546,-6.517255,-37.295143,-0.738504,989.178894,0.015256,-0.982426,0.186028,0.996287,-0.000832,-0.086096,0.084737,0.18665,0.978765,-1.571643,-0.187751,-0.086361,13841.76 
481,-0.683977,-1.238996,0.642682,0.84672,1.864565,9.590457,0.285546,-0.148564,-0.186765,35.082546,-6.517255,-37.295143,-0.736833,989.178894,0.018768,-0.981756,0.189215,0.996089,0.002017,-0.088335,0.086341,0.190133,0.977954,-1.568741,-0.191297,-0.088059,13841.78 
486,-0.657464,-1.433268,0.52704,0.854523,1.886857,9.585402,0.304188,-0.111279,-0.134034,35.082546,-6.517255,-36.845146,-0.730159,989.176514,0.018814,-0.981314,0.191491,0.996019,0.001704,-0.089129,0.087137,0.192406,0.977439,-1.56906,-0.193613,-0.088913,13841.79 
491,-0.445241,-1.528441,0.196714,0.85178,1.882715,9.586461,0.283416,-0.060679,-0.094087,35.082546,-7.417255,-36.995148,-0.734786,989.176514,-0.003878,-0.981183,0.193042,0.996213,-0.020558,-0.084478,0.086857,0.191984,0.977547,-1.591746,-0.193183,-0.08862,13841.80 
496,-0.317343,-1.530413,-0.037883,0.852132,1.89184,9.584634,0.22962,0.004835,-0.084499,35.082546,-7.417255,-36.995148,-0.734753,989.176514,-0.002942,-0.981017,0.193897,0.996213,-0.019723,-0.084676,0.086893,0.192914,0.977361,-1.590899,-0.194131,-0.088673,13841.81 
501,-0.423637,-1.238167,-0.130263,0.847572,1.918261,9.579785,0.213641,0.081534,-0.065857,35.082546,-7.267255,-36.995148,-0.734831,989.176514,0.003596,-0.98059,0.196036,0.996252,-0.01343,-0.085454,0.086428,0.195608,0.976866,-1.584491,-0.196878,-0.088245,13841.83 
506,-0.456559,-1.050662,-0.108007,0.839186,1.937748,9.576601,0.216304,0.133732,-0.010463,35.082546,-6.817255,-36.995148,-0.734433,989.176514,0.017097,-0.980284,0.196854,0.996185,-0.000149,-0.087264,0.085573,0.197595,0.976542,-1.570949,-0.198904,-0.087406,13841.84 
511,-0.545859,-0.8403,-0.278571,0.820319,1.969102,9.571839,0.254121,0.157167,0.04493,35.082546,-6.817255,-36.995148,-0.736303,989.176514,0.020316,-0.979629,0.199786,0.996288,0.003118,-0.086025,0.083649,0.200793,0.976056,-1.567614,-0.202167,-0.085492,13841.85 
516,-0.507748,-0.806169,-0.524824,0.806701,1.993298,9.567987,0.323363,0.143319,0.098193,35.082546,-7.117255,-36.995148,-0.738526,989.176514,0.01512,-0.979123,0.202706,0.996496,-0.001922,-0.083617,0.082261,0.20326,0.975663,-1.57276,-0.204686,-0.084114,13841.86 
521,-0.257763,-0.723747,-0.941803,0.789138,2.03824,9.55998,0.364908,0.096447,0.131749,35.082546,-7.117255,-36.995148,-0.740241,989.176514,0.019758,-0.978159,0.206918,0.996561,0.00261,-0.082819,0.08047,0.207843,0.974847,-1.568128,-0.209369,-0.082359,13841.87 
526,-0.139521,-0.583301,-1.227857,0.783423,2.072543,9.553073,0.373431,0.006965,0.147196,34.932545,-7.117255,-36.995148,-0.742884,989.18042,0.023397,-0.977394,0.210127,0.996529,0.006006,-0.083026,0.079887,0.211341,0.974142,-1.564652,-0.212946,-0.081824,13841.89 
531,0.131871,-0.473913,-1.47769,0.784268,2.107562,9.545339,0.365974,-0.07506,0.111509,34.782547,-7.117255,-36.995148,-0.744849,989.18042,0.02714,-0.976589,0.213396,0.996427,0.009351,-0.083933,0.079973,0.214912,0.973354,-1.561222,-0.216601,-0.081978,13841.90 
536,0.327556,-0.223982,-1.902528,0.79587,2.159275,9.532812,0.308449,-0.118204,0.0428,34.782547,-7.117255,-36.995148,-0.7435,989.18042,0.032515,-0.975359,0.218214,0.996171,0.013898,-0.086316,0.081156,0.220185,0.972076,-1.556548,-0.222004,-0.083294,13841.91 
541,0.40922,-0.141892,-1.984908,0.807707,2.188999,9.525035,0.229087,-0.117671,-0.024312,35.382545,-7.117255,-36.995148,-0.733663,989.18042,0.035039,-0.974641,0.221016,0.995986,0.015829,-0.088096,0.082363,0.223216,0.971283,-1.554557,-0.225112,-0.084596,13841.92 
546,0.334483,0.051362,-2.042268,0.823394,2.223329,9.515736,0.14866,-0.063875,-0.079173,35.082546,-7.117255,-36.995148,-0.736167,989.18042,0.03883,-0.973778,0.224161,0.995712,0.018857,-0.090564,0.083963,0.226716,0.970335,-1.551434,-0.228705,-0.086315,13841.94 
551,0.184055,0.093327,-1.931595,0.828713,2.239082,9.511579,0.06983,-0.006351,-0.099946,35.082546,-7.117255,-36.995148,-0.735557,989.18042,0.040444,-0.973377,0.225615,0.995602,0.020162,-0.09149,0.084505,0.228323,0.969911,-1.550086,-0.230355,-0.086907,13841.95 
556,-0.102934,0.057166,-1.929792,0.827012,2.252426,9.508576,0.001121,0.065022,-0.093021,35.082546,-7.267255,-36.995148,-0.736207,989.18042,0.038017,-0.973104,0.227206,0.995712,0.0177,-0.090795,0.084332,0.229683,0.969605,-1.552609,-0.231752,-0.086757,13841.96 
561,-0.24122,0.121343,-1.780596,0.818844,2.254037,9.508902,-0.047882,0.134797,-0.03816,35.082546,-7.267255,-36.995148,-0.737037,989.18042,0.038198,-0.973059,0.227369,0.995775,0.018053,-0.090029,0.083499,0.229848,0.969638,-1.552245,-0.231921,-0.085901,13841.97 
566,-0.397187,0.238059,-1.428896,0.799567,2.248467,9.51186,-0.060132,0.179005,0.059844,34.632545,-7.417255,-36.995148,-0.745984,989.183289,0.034241,-0.97325,0.227184,0.996082,0.014689,-0.087203,0.081533,0.22928,0.96994,-1.555705,-0.231338,-0.083863,13841.99 
571,-0.330099,0.30169,-1.262986,0.783949,2.242213,9.514636,-0.04149,0.179538,0.134945,34.182545,-8.317255,-37.295143,-0.760892,989.183289,0.012326,-0.97349,0.228397,0.996723,-0.0063,-0.080639,0.079941,0.228642,0.970223,-1.577267,-0.230683,-0.082208,13842.00 
576,-0.054826,0.435893,-0.90052,0.761482,2.234042,9.518381,-0.032435,0.144917,0.161577,34.182545,-8.317255,-37.295143,-0.7632,989.183289,0.011428,-0.973684,0.227617,0.996915,-0.006582,-0.07821,0.07765,0.227809,0.970605,-1.577556,-0.229827,-0.079831,13842.01 
581,0.256094,0.522256,-0.899916,0.750847,2.229388,9.520317,-0.043088,0.102839,0.147728,34.332546,-9.067255,-37.295143,-0.764347,989.183289,-0.008717,-0.97347,0.228647,0.997026,-0.025969,-0.072552,0.076565,0.227334,0.970802,-1.597467,-0.229339,-0.078705,13842.02 
586,0.365317,0.832774,-0.749386,0.740751,2.222179,9.522794,-0.058002,0.063957,0.11577,34.332546,-9.067255,-38.195145,-0.776597,989.183289,-0.004027,-0.97376,0.227544,0.997135,-0.021098,-0.072641,0.075536,0.226599,0.971055,-1.59246,-0.228585,-0.077631,13842.03 
591,0.375878,0.926319,-0.486302,0.737546,2.21662,9.524338,-0.077709,0.077273,0.077953,34.332546,-9.067255,-38.195145,-0.776922,989.183289,-0.004649,-0.973881,0.227013,0.997157,-0.021589,-0.072194,0.075209,0.226032,0.971212,-1.59296,-0.228003,-0.077284,13842.05 
596,0.101228,1.032935,0.213853,0.73102,2.206898,9.527098,-0.064393,0.075142,0.06304,34.332546,-10.117255,-38.195145,-0.780297,989.183289,-0.033154,-0.973106,0.227958,0.996666,-0.049202,-0.065078,0.074543,0.225041,0.971494,-1.621315,-0.226985,-0.076581,13842.06 
601,-0.131807,0.775301,0.961875,0.724532,2.200401,9.529097,-0.001543,0.111361,0.10352,34.332546,-10.117255,-38.195145,-0.780936,989.183289,-0.033911,-0.973232,0.227311,0.99669,-0.049745,-0.064295,0.073882,0.224378,0.971697,-1.621866,-0.226305,-0.075888,13842.07 
606,-0.438334,0.690376,1.442135,0.716194,2.198573,9.530149,0.093266,0.147047,0.186078,34.332546,-9.217255,-38.195145,-0.779502,989.183105,-0.010625,-0.974177,0.225538,0.997273,-0.026797,-0.068763,0.073031,0.224192,0.971805,-1.598297,-0.226114,-0.075009,13842.08 
611,-0.694775,0.677359,1.782786,0.700745,2.209236,9.528831,0.175291,0.135862,0.249994,34.332546,-9.667255,-38.195145,-0.782281,989.183105,-0.02128,-0.973594,0.22729,0.997217,-0.036918,-0.064775,0.071456,0.225279,0.97167,-1.608698,-0.22723,-0.073407,13842.10 
616,-0.595014,0.66379,1.834244,0.692626,2.223077,9.526205,0.196064,0.071414,0.294735,34.332546,-9.667255,-38.195145,-0.783141,989.183105,-0.019773,-0.973325,0.228577,0.997307,-0.035351,-0.064262,0.070628,0.226691,0.971403,-1.6071,-0.228679,-0.07258,13842.11 
621,-0.255923,0.684918,1.586878,0.689952,2.248486,9.520433,0.15079,0.029868,0.302192,34.332546,-9.667255,-38.195145,-0.783463,989.183105,-0.016952,-0.97281,0.230982,0.997378,-0.032709,-0.064556,0.070356,0.229282,0.970814,-1.604406,-0.23134,-0.072344,13842.12 
626,-0.127621,0.714341,1.516462,0.693519,2.26126,9.517149,0.062373,0.050641,0.303257,34.932545,-9.967255,-38.195145,-0.77533,989.183105,-0.022999,-0.972279,0.232688,0.997231,-0.038775,-0.063456,0.070719,0.230584,0.970479,-1.610656,-0.232678,-0.072742,13842.13 
631,-0.297509,0.993459,1.724001,0.69785,2.268619,9.51508,-0.007934,0.031466,0.331486,34.932545,-9.967255,-38.195145,-0.774905,989.183105,-0.022172,-0.972127,0.233404,0.997218,-0.038122,-0.064048,0.071161,0.231335,0.970268,-1.609992,-0.233449,-0.07321,13842.15 
636,-0.252455,1.004431,1.855284,0.702374,2.26639,9.515279,-0.089427,-0.058549,0.325095,35.532547,-10.117255,-38.195145,-0.766373,989.183105,-0.025846,-0.97203,0.23343,0.997097,-0.041797,-0.063646,0.071622,0.231107,0.970288,-1.61377,-0.233216,-0.073682,13842.16 
641,0.071618,0.807565,2.125912,0.721031,2.251606,9.517393,-0.177311,-0.138976,0.276625,35.532547,-10.117255,-38.195145,-0.764426,989.183105,-0.027356,-0.972307,0.232099,0.996918,-0.043614,-0.065208,0.073525,0.2296,0.970504,-1.615623,-0.231667,-0.075615,13842.17 
646,0.256326,0.672123,2.270639,0.740341,2.233971,9.520066,-0.222052,-0.217806,0.21697,35.532547,-10.117255,-38.195145,-0.762401,989.17981,-0.029162,-0.972634,0.230505,0.99672,-0.045712,-0.066785,0.075494,0.227802,0.970777,-1.617759,-0.229819,-0.07761,13842.18 
651,0.314198,0.454715,2.593204,0.777737,2.199664,9.525072,-0.24389,-0.252427,0.142402,35.832546,-10.117255,-38.195145,-0.75429,989.17981,-0.0324,-0.973261,0.227405,0.996324,-0.049505,-0.069919,0.079307,0.224303,0.971287,-1.621617,-0.226228,-0.081471,13842.20 
656,0.189237,0.251925,2.785025,0.805094,2.175472,9.528354,-0.184235,-0.236448,0.068899,35.832546,-10.117255,-38.195145,-0.75141,989.17981,-0.034817,-0.973679,0.225248,0.996016,-0.052321,-0.072212,0.082097,0.221836,0.971622,-1.62448,-0.223697,-0.084294,13842.21 
661,-0.303057,-0.11436,2.722663,0.841219,2.147087,9.531672,-0.084633,-0.16401,0.060909,35.082546,-10.117255,-38.195145,-0.758111,989.17981,-0.03834,-0.974108,0.222809,0.995576,-0.056378,-0.075165,0.08578,0.218942,0.97196,-1.628608,-0.22073,-0.088027,13842.22 
666,-0.764315,-0.221626,2.558287,0.85814,2.137911,9.532226,0.018165,-0.090507,0.102987,35.082546,-10.117255,-38.195145,-0.756344,989.17981,-0.039221,-0.974249,0.222038,0.995392,-0.057553,-0.076702,0.087506,0.218006,0.972016,-1.629802,-0.219771,-0.089783,13842.23 
671,-1.284553,-0.443465,1.673555,0.87479,2.138251,9.530636,0.058112,-0.006351,0.187143,35.082546,-10.117255,-38.195145,-0.754644,989.17981,-0.039081,-0.974227,0.22216,0.995246,-0.057798,-0.078383,0.089204,0.218041,0.971854,-1.630054,-0.219807,-0.091531,13842.24 
676,-1.622692,-0.473312,1.103733,0.879891,2.141939,9.529338,0.05758,0.060761,0.286213,35.082546,-10.117255,-38.195145,-0.754137,989.17981,-0.038655,-0.974158,0.222534,0.995216,-0.057528,-0.078963,0.089724,0.218417,0.971722,-1.629782,-0.220192,-0.092074,13842.26 
681,-1.836584,-0.370163,0.621779,0.87896,2.144818,9.528776,0.041601,0.043184,0.390609,35.082546,-10.117255,-38.195145,-0.754244,989.17981,-0.038352,-0.97411,0.222799,0.995237,-0.057235,-0.07892,0.089629,0.218711,0.971665,-1.629485,-0.220493,-0.091982,13842.27 
686,-1.920506,-0.193405,0.30967,0.867801,2.143489,9.530098,0.015502,-0.064408,0.442274,35.082546,-10.267255,-38.195145,-0.755716,989.177307,-0.042343,-0.97392,0.222908,0.995177,-0.060874,-0.076928,0.088491,0.218575,0.971799,-1.633219,-0.220354,-0.090809,13842.28 
691,-1.863581,-0.076252,0.163382,0.850223,2.140152,9.532432,-0.024978,-0.222599,0.486482,35.082546,-10.267255,-38.495148,-0.761196,989.177307,-0.041087,-0.974098,0.222362,0.995387,-0.059217,-0.075486,0.086699,0.218235,0.972037,-1.631513,-0.220005,-0.088957,13842.29 
696,-1.773709,0.110505,-0.174569,0.815801,2.134144,9.536786,-0.074513,-0.377063,0.49607,35.082546,-10.267255,-38.495148,-0.764687,989.177307,-0.041959,-0.974234,0.221604,0.99565,-0.05924,-0.071914,0.083189,0.217622,0.972481,-1.631528,-0.219378,-0.085335,13842.31 
701,-1.532056,0.049782,-0.351878,0.844902,2.124909,9.536315,-0.176246,-0.489981,0.467308,35.082546,-10.267255,-38.945145,-0.767166,989.177307,-0.040196,-0.974512,0.220705,0.99547,-0.058103,-0.07525,0.086156,0.21668,0.972433,-1.630349,-0.218413,-0.088368,13842.32 
706,-1.185647,-0.370679,-0.410099,0.922699,2.094956,9.535731,-0.289697,-0.525135,0.414577,35.082546,-10.717255,-39.395142,-0.765424,989.177307,-0.051663,-0.974343,0.219058,0.994222,-0.070847,-0.080639,0.094089,0.213626,0.972374,-1.643381,-0.215285,-0.096462,13842.33 
711,-0.910675,-0.606336,-0.319937,0.981243,2.064435,9.536543,-0.382375,-0.470806,0.340541,35.082546,-10.717255,-39.395142,-0.759271,989.177307,-0.054523,-0.974733,0.216617,0.993487,-0.074696,-0.086053,0.100059,0.210514,0.972457,-1.647279,-0.212101,-0.102532,13842.34 
716,-0.756297,-0.8538,0.111224,1.058167,2.004416,9.541121,-0.401549,-0.316875,0.275027,34.932545,-11.167255,-39.395142,-0.753904,989.177307,-0.071684,-0.97449,0.212673,0.991574,-0.092691,-0.090499,0.107903,0.204393,0.972924,-1.665629,-0.205844,-0.110455,13842.36 
721,-0.721589,-0.818015,0.328103,1.093184,1.959112,9.546581,-0.369059,-0.128856,0.235613,34.932545,-11.167255,-39.395142,-0.749977,989.177307,-0.0762,-0.974983,0.208808,0.990842,-0.097456,-0.093462,0.111474,0.199774,0.97348,-1.670422,-0.201127,-0.114014,13842.37 
726,-0.971174,-0.924752,0.428635,1.112614,1.894682,9.557335,-0.259869,0.074077,0.222297,34.782547,-11.467255,-39.395142,-0.749947,989.182495,-0.090562,-0.974816,0.203794,0.989407,-0.111381,-0.093101,0.113455,0.193204,0.974577,-1.684561,-0.194426,-0.115893,13842.38 
731,-1.015687,-0.929578,0.229993,1.085248,1.843484,9.570485,-0.159202,0.263161,0.239874,34.182545,-11.617255,-39.995148,-0.768076,989.182495,-0.098549,-0.975034,0.198988,0.98896,-0.118197,-0.089376,0.110665,0.187983,0.975918,-1.691431,-0.189108,-0.112913,13842.39 
736,-1.112536,-0.940446,-0.516066,1.048129,1.808336,9.581323,-0.088894,0.380873,0.283549,34.182545,-11.617255,-39.995148,-0.771486,989.182495,-0.102919,-0.975321,0.195336,0.988931,-0.121432,-0.085264,0.106879,0.184399,0.977023,-1.694664,-0.18546,-0.10896,13842.40 
741,-1.012427,-0.792385,-0.922435,1.017089,1.79601,9.586984,-0.062263,0.404841,0.314442,33.732544,-11.767255,-39.995148,-0.781058,989.182495,-0.109725,-0.974795,0.194257,0.988536,-0.127415,-0.081005,0.103714,0.183142,0.9776,-1.700769,-0.184182,-0.105695,13842.42 
746,-0.873205,-0.725743,-1.546275,0.967695,1.782316,9.59465,-0.050012,0.375547,0.333617,33.282547,-11.917255,-39.995148,-0.792504,989.182495,-0.117161,-0.974221,0.192789,0.988198,-0.133652,-0.07484,0.098677,0.181746,0.978382,-1.707134,-0.182761,-0.100518,13842.43 
751,-0.723187,-0.640479,-1.575856,0.937432,1.7747,9.599065,-0.020185,0.323349,0.311779,33.282547,-11.917255,-39.995148,-0.795483,989.182495,-0.118491,-0.974275,0.191698,0.988343,-0.134308,-0.071689,0.095591,0.180969,0.978832,-1.707787,-0.181972,-0.09735,13842.44 
756,-0.726939,-0.565324,-1.718225,0.911147,1.769047,9.602638,0.024556,0.231203,0.267038,33.282547,-12.217256,-40.445145,-0.803543,989.182495,-0.125005,-0.973556,0.191215,0.987796,-0.14017,-0.067904,0.092911,0.180393,0.979197,-1.713791,-0.181386,-0.094602,13842.45 
761,-0.593315,-0.501273,-1.605369,0.883648,1.767579,9.605479,0.066634,0.113492,0.22709,33.282547,-12.217256,-40.445145,-0.806311,989.182495,-0.125623,-0.973575,0.190712,0.987978,-0.14023,-0.065083,0.090107,0.180243,0.979486,-1.713849,-0.181233,-0.091736,13842.47 
766,-0.548448,-0.428791,-1.619394,0.874816,1.771286,9.605604,0.099125,0.027205,0.162109,33.282547,-12.667255,-40.295143,-0.805656,989.185913,-0.137712,-0.971738,0.191732,0.986447,-0.151992,-0.061812,0.089206,0.180621,0.979499,-1.725952,-0.181618,-0.090823,13842.48 
