1,0,0,0,0,0,0,-0.018587,-0.02446,-0.01792,0,0,0,0,989.949951,0,0,0,0,0,0,0,0,0,0,0,0,13685.497 
6,0,0,0,0,0,0,-0.034033,-0.021797,-0.018986,18.282543,-1.417255,-45.245148,0,989.949951,0,0,0,0,0,0,0,0,0,0,0,0,13685.510 
11,0,0,0,0,0,0,-0.036164,-0.008481,-0.015257,18.282543,-1.417255,-45.245148,0,989.949951,0,0,0,0,0,0,0,0,0,0,0,0,13685.522 
16,0,0,0,0,0,0,-0.045218,0.000041,-0.000876,18.732544,-1.567255,-45.545143,0,989.885742,0,0,0,0,0,0,0,0,0,0,0,0,13685.534 
21,0.045135,0.031321,0.102803,0.366001,2.798747,9.391669,-0.060132,0.022411,-0.003007,18.732544,-1.567255,-45.545143,-1.076148,989.885742,0.491538,-0.839643,0.231061,0.870056,0.462114,-0.171618,0.037322,0.285393,0.957684,-1.067669,-0.289416,-0.038951,13685.547 
26,0.086647,0.036787,-0.003895,0.36448,2.792973,9.393447,-0.083035,0.037858,-0.004072,18.732544,-1.567255,-46.745148,-1.083793,989.885742,0.500968,-0.834691,0.228742,0.864668,0.471358,-0.1737,0.037167,0.284804,0.957865,-1.05673,-0.288802,-0.038782,13685.559 
31,0.033965,-0.016522,-0.033563,0.359335,2.780963,9.397208,-0.112863,0.053837,0.003918,19.032543,-1.567255,-46.745148,-1.080233,989.885742,0.494087,-0.838633,0.229288,0.86864,0.465057,-0.170842,0.036642,0.283579,0.958248,-1.064473,-0.287525,-0.03822,13685.571 
36,0.004762,0.078639,0.057854,0.354335,2.770834,9.400389,-0.135766,0.076207,-0.000876,19.032543,-1.567255,-46.745148,-1.081212,989.885742,0.492939,-0.839428,0.228847,0.869313,0.46425,-0.169609,0.036132,0.282546,0.958573,-1.065611,-0.286448,-0.037676,13685.584 
41,-0.023175,0.060585,0.188897,0.343752,2.752863,9.40606,-0.132037,0.091654,0.020962,19.032543,-1.417255,-46.745148,-1.081486,989.885742,0.495651,-0.838272,0.227222,0.867814,0.46744,-0.16852,0.035053,0.280714,0.959151,-1.06212,-0.284538,-0.03653,13685.596 
46,-0.066109,0.049229,0.189622,0.336369,2.740465,9.409946,-0.122983,0.087393,0.028419,19.932545,-1.267255,-46.895142,-1.068228,989.885742,0.484237,-0.844533,0.228644,0.874264,0.456806,-0.164287,0.0343,0.27945,0.959547,-1.074969,-0.283221,-0.035731,13685.608 
51,0.017921,0.032837,0.147989,0.324902,2.723077,9.415396,-0.116591,0.08686,0.048659,19.932545,-1.267255,-46.895142,-1.070151,989.885742,0.48251,-0.845711,0.227942,0.875264,0.455708,-0.162001,0.033131,0.277677,0.960103,-1.076557,-0.281375,-0.034494,13685.621 
56,-0.068138,0.046923,0.060563,0.317786,2.712251,9.418762,-0.137896,0.086327,0.07316,19.782543,-1.267255,-47.495148,-1.077335,989.829834,0.488908,-0.84252,0.226119,0.871733,0.462243,-0.162521,0.032405,0.276573,0.960446,-1.068995,-0.280226,-0.033727,13685.633 
61,-0.044568,0.071171,0.035063,0.309026,2.693206,9.424518,-0.160267,0.071946,0.085943,19.782543,-1.267255,-47.495148,-1.079105,989.829834,0.486696,-0.844035,0.225238,0.873003,0.460634,-0.160259,0.031512,0.274631,0.961033,-1.07122,-0.278205,-0.032778,13685.645 
66,-0.02417,0.0907,-0.035281,0.304447,2.677489,9.429144,-0.199682,0.072479,0.117368,19.932545,-0.967255,-47.945145,-1.077658,989.829834,0.494636,-0.840113,0.222587,0.868546,0.468685,-0.161131,0.031045,0.273028,0.961505,-1.061921,-0.276539,-0.032277,13685.658 
71,0.096269,0.034643,0.234152,0.298693,2.64944,9.437247,-0.194888,0.099643,0.124292,19.782543,-0.817255,-47.945145,-1.080329,989.829834,0.497945,-0.838903,0.219756,0.866673,0.472495,-0.16008,0.030458,0.270168,0.962331,-1.057853,-0.273567,-0.03164,13685.670 
76,0.219144,0.079147,0.479012,0.292946,2.630561,9.442707,-0.151212,0.133199,0.126423,19.782543,-0.817255,-47.945145,-1.081833,989.829834,0.495546,-0.840573,0.218794,0.868068,0.47062,-0.158036,0.029872,0.268243,0.962888,-1.0604,-0.271568,-0.031014,13685.682 
81,0.26048,0.118067,0.542271,0.284545,2.615044,9.447273,-0.116591,0.165157,0.130151,19.782543,-0.817255,-47.795143,-1.082486,989.829834,0.492694,-0.842368,0.218331,0.869719,0.468304,-0.155824,0.029015,0.26666,0.963354,-1.063406,-0.269926,-0.03011,13685.695 
86,0.174142,0.096792,0.434289,0.267841,2.596833,9.452783,-0.091557,0.175277,0.141337,19.932545,-0.817255,-47.795143,-1.082655,989.829834,0.488631,-0.844759,0.218224,0.872063,0.465039,-0.152463,0.027312,0.264803,0.963916,-1.06757,-0.268,-0.028327,13685.707 
91,0.115169,0.176942,0.212894,0.255013,2.587385,9.455729,-0.090492,0.1577,0.15412,19.932545,-0.817255,-47.795143,-1.08429,989.829834,0.488229,-0.845034,0.218061,0.872328,0.465087,-0.150788,0.026004,0.26384,0.964216,-1.067664,-0.267001,-0.026963,13685.719 
96,0.151057,0.240642,-0.008481,0.237796,2.573401,9.459991,-0.118189,0.128938,0.16424,19.932545,-0.367255,-47.795143,-1.081862,989.788086,0.501077,-0.838165,0.21541,0.865063,0.478141,-0.151814,0.024248,0.262414,0.964651,-1.052379,-0.265523,-0.025132,13685.732 
101,0.112373,0.248508,-0.068457,0.229387,2.562283,9.463217,-0.148016,0.101241,0.182882,19.932545,-0.367255,-47.795143,-1.083195,989.788086,0.500098,-0.838852,0.215007,0.865653,0.477555,-0.150287,0.023391,0.26128,0.96498,-1.053259,-0.264348,-0.024235,13685.744 
106,0.246396,0.295237,-0.078762,0.220793,2.541401,9.46905,-0.182638,0.08899,0.197263,19.932545,-0.067255,-47.795143,-1.081898,989.788086,0.506607,-0.835592,0.212452,0.861883,0.484384,-0.150101,0.022515,0.259151,0.965574,-1.045445,-0.262143,-0.023313,13685.756 
111,0.266583,0.284842,-0.14663,0.216651,2.523972,9.473807,-0.22152,0.08686,0.18661,19.932545,-0.067255,-47.495148,-1.081319,989.788086,0.502079,-0.838461,0.211897,0.86454,0.480357,-0.147745,0.022092,0.257373,0.966059,-1.050539,-0.260303,-0.022864,13685.769 
116,0.293987,0.328342,-0.040853,0.211068,2.492448,9.482275,-0.252412,0.08899,0.179154,19.932545,-0.067255,-47.495148,-1.083477,989.788086,0.497789,-0.841465,0.210101,0.867031,0.476802,-0.144628,0.021523,0.254159,0.966923,-1.055273,-0.256978,-0.022255,13685.781 
121,0.331938,0.333578,0.073397,0.20721,2.468691,9.488573,-0.255075,0.093784,0.170099,19.932545,0.082745,-47.045143,-1.080616,989.788086,0.495675,-0.843102,0.20853,0.868251,0.475192,-0.142594,0.02113,0.251736,0.967565,-1.057554,-0.254474,-0.021834,13685.793 
126,0.3836,0.410185,0.244922,0.200235,2.432516,9.49806,-0.239629,0.117753,0.171164,19.932545,0.082745,-45.395142,-1.072056,989.788086,0.478203,-0.853161,0.208419,0.878012,0.458899,-0.136037,0.020418,0.248048,0.968533,-1.077305,-0.250664,-0.021079,13685.806 
131,0.349946,0.359911,0.174505,0.19277,2.40964,9.504045,-0.25401,0.122014,0.157316,19.932545,0.082745,-45.395142,-1.073874,989.788086,0.475328,-0.855074,0.207153,0.879589,0.456588,-0.133603,0.019657,0.245715,0.969143,-1.080339,-0.248257,-0.02028,13685.818 
136,0.382989,0.385529,-0.097456,0.180635,2.372903,9.513521,-0.265728,0.184864,0.152522,20.382544,0.082745,-43.895142,-1.058671,989.75824,0.451239,-0.86785,0.207895,0.892213,0.433921,-0.125171,0.01842,0.241969,0.970109,-1.107152,-0.244394,-0.018985,13685.830 
141,0.437116,0.442863,0.113576,0.167424,2.346847,9.520224,-0.293958,0.210963,0.13601,20.382544,0.082745,-43.895142,-1.061108,989.75824,0.448268,-0.869717,0.206512,0.893736,0.43165,-0.122124,0.017072,0.239312,0.970793,-1.110105,-0.241657,-0.017584,13685.843 
146,0.466107,0.248991,0.199852,0.141236,2.304169,9.531068,-0.299817,0.292989,0.097128,20.382544,0.082745,-44.795143,-1.072223,989.75824,0.450664,-0.8692,0.203454,0.892578,0.435069,-0.118406,0.014402,0.23496,0.971898,-1.106717,-0.237177,-0.014817,13685.855 
151,0.38832,0.306327,0.16319,0.115583,2.275139,9.538383,-0.306741,0.322283,0.091269,20.382544,0.832745,-44.795143,-1.06828,989.75824,0.472544,-0.858533,0.199055,0.881228,0.457271,-0.119749,0.011786,0.232,0.972644,-1.081396,-0.234133,-0.012117,13685.867 
156,0.285676,0.323295,0.216466,0.086826,2.245768,9.545647,-0.297686,0.320685,0.116836,20.382544,0.832745,-44.795143,-1.07232,989.75824,0.470373,-0.859959,0.198041,0.882423,0.4561,-0.115331,0.008854,0.229005,0.973385,-1.083145,-0.231055,-0.009096,13685.880 
161,-0.151073,0.419956,0.25798,0.044771,2.202903,9.55592,-0.255075,0.26689,0.175425,21.282545,1.132745,-44.795143,-1.060969,989.75824,0.461236,-0.865072,0.197262,0.887266,0.448543,-0.107559,0.004565,0.224634,0.974433,-1.092456,-0.226567,-0.004685,13685.892 
166,-0.146609,0.42569,0.453936,0.021751,2.177605,9.561796,-0.206073,0.209898,0.237211,21.282545,1.132745,-44.795143,-1.064271,989.75824,0.459206,-0.866378,0.196264,0.888327,0.447305,-0.10389,0.002218,0.222054,0.975032,-1.094199,-0.22392,-0.002275,13685.904 
171,-0.129152,0.461576,0.445837,-0.002773,2.145823,9.569003,-0.153875,0.155569,0.257451,21.282545,1.132745,-44.795143,-1.068016,989.75824,0.456291,-0.868239,0.194832,0.88983,0.445289,-0.099597,-0.000283,0.218813,0.975767,-1.09691,-0.220598,0.00029,13685.917 
176,-0.102505,0.503442,0.390441,-0.013284,2.130282,9.572466,-0.111265,0.106567,0.262244,21.432545,1.582745,-44.795143,-1.062842,989.733887,0.466601,-0.86321,0.192749,0.884467,0.45572,-0.10019,-0.001355,0.217228,0.97612,-1.085051,-0.218974,0.001388,13685.929 
181,0.120477,0.576001,0.279938,-0.021969,2.112721,9.576342,-0.117124,0.062359,0.239341,21.432545,1.582745,-44.795143,-1.064479,989.733887,0.464675,-0.864463,0.191783,0.885478,0.454192,-0.098172,-0.00224,0.215438,0.976515,-1.087033,-0.21714,0.002294,13685.941 
186,0.095895,0.464247,0.187752,-0.023203,2.102033,9.578691,-0.127244,0.017618,0.218568,21.432545,1.882745,-44.795143,-1.062065,989.733887,0.47267,-0.860517,0.189984,0.881236,0.462132,-0.09928,-0.002366,0.214348,0.976755,-1.077958,-0.216024,0.002422,13685.954 
191,0.137983,0.48316,0.321905,-0.019382,2.08352,9.582743,-0.136831,-0.027656,0.21697,21.582544,2.032745,-44.795143,-1.058788,989.733887,0.471818,-0.861368,0.188237,0.881694,0.461417,-0.09854,-0.001976,0.21246,0.977168,-1.079014,-0.214092,0.002023,13685.966 
196,0.033807,0.604849,0.635225,-0.012608,2.070783,9.585514,-0.091025,-0.038309,0.207916,21.582544,2.032745,-44.795143,-1.058804,989.733887,0.469468,-0.862912,0.187035,0.882948,0.459123,-0.098024,-0.001286,0.211161,0.97745,-1.08183,-0.212763,0.001315,13685.978 
201,-0.091982,0.634548,0.775023,-0.000569,2.056761,9.588541,-0.037762,-0.057483,0.211644,21.582544,2.032745,-45.395142,-1.0631,989.733887,0.470556,-0.86274,0.185087,0.88237,0.460101,-0.09864,-0.000058,0.209731,0.977759,-1.080863,-0.2113,0.000059,13685.991 
206,-0.028821,0.756426,0.923642,0.009285,2.052668,9.589414,0.015502,-0.0953,0.19673,21.732544,2.032745,-45.845146,-1.063585,989.733887,0.469661,-0.863383,0.184357,0.882846,0.459082,-0.099124,0.000947,0.209314,0.977848,-1.082092,-0.210873,-0.000968,13686.003 
211,-0.136113,0.700742,0.690654,0.028796,2.054503,9.588982,0.034676,-0.146433,0.169566,21.732544,2.032745,-45.845146,-1.061738,989.715759,0.468449,-0.864172,0.183748,0.883486,0.457512,-0.100678,0.002936,0.209501,0.977804,-1.083889,-0.211065,-0.003003,13686.015 
216,-0.152251,0.753274,0.311048,0.046175,2.0579,9.588185,0.016567,-0.179989,0.141337,21.732544,2.032745,-45.845146,-1.060005,989.715759,0.467633,-0.8647,0.183338,0.88391,0.456352,-0.102203,0.004709,0.209847,0.977723,-1.08519,-0.211419,-0.004816,13686.028 
221,-0.195217,0.678485,0.04303,0.076583,2.059916,9.587558,-0.035631,-0.174663,0.118434,21.732544,2.032745,-45.845146,-1.057163,989.715759,0.465647,-0.865982,0.182339,0.884936,0.45382,-0.104573,0.007809,0.210053,0.977659,-1.088092,-0.211629,-0.007988,13686.040 
226,-0.162086,0.588864,-0.118483,0.095556,2.056434,9.588136,-0.102743,-0.103822,0.069964,21.732544,1.882745,-45.845146,-1.057077,989.715759,0.459104,-0.869556,0.181924,0.888329,0.447101,-0.104746,0.009744,0.209698,0.977718,-1.095876,-0.211266,-0.009966,13686.052 
231,-0.375989,0.501591,-0.136726,0.108765,2.047934,9.589813,-0.145886,-0.027656,0.07529,21.732544,1.882745,-45.845146,-1.056285,989.715759,0.456882,-0.870956,0.180814,0.889458,0.444775,-0.105071,0.011091,0.208831,0.977889,-1.098646,-0.21038,-0.011341,13686.065 
236,-0.661582,0.40019,-0.207967,0.1161,2.027845,9.593996,-0.187964,0.029868,0.107248,21.732544,1.882745,-45.845146,-1.056571,989.715759,0.453385,-0.873142,0.179066,0.891236,0.441434,-0.104089,0.011839,0.206783,0.978315,-1.102703,-0.208285,-0.012101,13686.077 
241,-0.917807,0.330082,-0.217069,0.115824,2.010469,9.597655,-0.192758,0.061294,0.169566,21.732544,1.882745,-45.845146,-1.057415,989.715759,0.450834,-0.874722,0.177792,0.89253,0.439126,-0.102757,0.011811,0.205011,0.978688,-1.105536,-0.206475,-0.012067,13686.089 
246,-1.050984,0.11533,-0.253824,0.11224,1.983777,9.603251,-0.180507,0.042119,0.237743,21.732544,1.732745,-45.845146,-1.0604,989.715759,0.442372,-0.879298,0.176469,0.896759,0.431177,-0.099551,0.011445,0.202289,0.979259,-1.114887,-0.203695,-0.011687,13686.102 
251,-1.106644,0.092172,-0.270722,0.111825,1.966148,9.60688,-0.148549,0.061294,0.311246,21.732544,1.732745,-45.845146,-1.061247,989.706543,0.43974,-0.880878,0.175162,0.898052,0.428785,-0.098209,0.011403,0.200491,0.979629,-1.117789,-0.201859,-0.01164,13686.114 
256,-0.949667,0.157307,-0.304447,0.112112,1.943736,9.611436,-0.114993,0.049043,0.369303,21.732544,0.982745,-45.845146,-1.069009,989.706543,0.411749,-0.894136,0.17602,0.911225,0.401541,-0.091833,0.011432,0.198206,0.980094,-1.148706,-0.199527,-0.011664,13686.126 
261,-0.818403,0.287181,-0.237866,0.113749,1.93164,9.613855,-0.077176,0.02614,0.387413,21.732544,0.982745,-45.845146,-1.069374,989.706543,0.409715,-0.895264,0.175031,0.91214,0.39963,-0.091087,0.011599,0.196972,0.98034,-1.150955,-0.198269,-0.011831,13686.139 
266,-0.885906,0.418501,-0.16398,0.120263,1.919461,9.616216,-0.040425,-0.054288,0.37676,21.732544,0.682745,-45.545143,-1.069548,989.706543,0.395195,-0.901763,0.175055,0.918515,0.385374,-0.08841,0.012263,0.195731,0.980581,-1.166931,-0.197002,-0.012506,13686.151 
271,-0.771403,0.478147,-0.13823,0.13056,1.914781,9.617014,-0.01113,-0.148564,0.355987,21.732544,0.982745,-45.245148,-1.06383,989.706543,0.401967,-0.899057,0.173548,0.915557,0.391883,-0.090455,0.013313,0.195253,0.980662,-1.159744,-0.196516,-0.013575,13686.163 
276,-0.670765,0.506214,-0.192813,0.159894,1.912879,9.616949,0.010175,-0.193305,0.337345,21.732544,0.982745,-45.245148,-1.061166,989.706543,0.39969,-0.900287,0.172428,0.916505,0.389147,-0.092642,0.016305,0.195059,0.980656,-1.162803,-0.196318,-0.016625,13686.176 
281,-0.728699,0.548127,-0.232189,0.184971,1.912773,9.616521,-0.007934,-0.225795,0.308583,21.732544,0.982745,-44.945145,-1.05643,989.706543,0.396077,-0.902003,0.171794,0.918023,0.385158,-0.094268,0.018862,0.195049,0.980612,-1.16723,-0.196307,-0.019232,13686.188 
286,-0.636172,0.560192,-0.304281,0.225592,1.911181,9.615971,-0.062795,-0.228991,0.266505,21.732544,0.982745,-44.495148,-1.049036,989.706543,0.390317,-0.904726,0.170658,0.920393,0.378801,-0.09688,0.023004,0.194886,0.980556,-1.174281,-0.196141,-0.023456,13686.200 
291,-0.616873,0.544222,-0.307779,0.252599,1.905307,9.616465,-0.127244,-0.171999,0.228156,21.732544,0.982745,-44.495148,-1.046731,989.708252,0.387685,-0.906103,0.169343,0.921432,0.375805,-0.098662,0.025758,0.194287,0.980606,-1.177641,-0.195531,-0.026261,13686.213 
296,-0.572699,0.381447,-0.080823,0.284632,1.886783,9.619222,-0.199149,-0.10329,0.215905,21.732544,0.982745,-44.795143,-1.046897,989.708252,0.384651,-0.907885,0.166697,0.922606,0.372461,-0.100357,0.029024,0.192398,0.980888,-1.181484,-0.193605,-0.029581,13686.225 
301,-0.55594,0.409437,0.083136,0.298131,1.867547,9.622566,-0.242825,-0.019134,0.206318,21.732544,0.982745,-44.795143,-1.046387,989.708252,0.380801,-0.909855,0.164786,0.924157,0.368644,-0.100179,0.030401,0.190437,0.981229,-1.185843,-0.191607,-0.030973,13686.237 
306,-0.656187,0.569071,0.200342,0.305518,1.844234,9.626829,-0.262,0.050641,0.213775,21.732544,0.982745,-45.245148,-1.050238,989.708252,0.379404,-0.910857,0.162454,0.924707,0.367386,-0.099727,0.031154,0.188059,0.981663,-1.187414,-0.189186,-0.031725,13686.250 
311,-0.603573,0.689224,0.507551,0.305044,1.806109,9.63407,-0.235901,0.11935,0.198328,21.732544,0.982745,-44.945145,-1.049351,989.708252,0.371604,-0.914555,0.159686,0.92787,0.360097,-0.096887,0.031106,0.184172,0.982402,-1.195698,-0.185229,-0.031652,13686.262 
316,-0.551485,0.719195,0.611287,0.298078,1.782097,9.638759,-0.195421,0.176342,0.183415,21.732544,0.982745,-44.945145,-1.050935,989.708252,0.368214,-0.916216,0.158011,0.929244,0.357107,-0.094762,0.030395,0.181723,0.98288,-1.199146,-0.182739,-0.030915,13686.274 
321,-0.449975,0.692155,0.523767,0.279172,1.751566,9.644919,-0.154408,0.207235,0.167436,21.732544,0.982745,-44.945145,-1.053893,989.708252,0.364483,-0.918022,0.156167,0.930775,0.354026,-0.091234,0.028468,0.17861,0.983508,-1.20273,-0.179574,-0.028937,13686.287 
326,-0.42717,0.714113,0.362022,0.262495,1.735126,9.648358,-0.128309,0.197647,0.140804,21.732544,0.832745,-44.945145,-1.057278,989.708252,0.357614,-0.920771,0.155859,0.933486,0.34767,-0.08792,0.026767,0.176934,0.983859,-1.209761,-0.17787,-0.027199,13686.299 
331,-0.335972,0.744794,0.192529,0.237414,1.713669,9.652842,-0.133103,0.180071,0.139206,21.732544,0.832745,-44.945145,-1.060465,989.693909,0.355632,-0.921703,0.154883,0.934312,0.346305,-0.084459,0.02421,0.174746,0.984316,-1.211393,-0.175647,-0.02459,13686.311 
336,-0.250483,0.732847,0.066264,0.221558,1.699973,9.65564,-0.148549,0.181136,0.111509,21.732544,0.982745,-44.945145,-1.061316,989.693909,0.359651,-0.920327,0.15378,0.932813,0.350639,-0.083138,0.022593,0.173349,0.984601,-1.206782,-0.174229,-0.022942,13686.324 
341,-0.171435,0.827976,-0.07512,0.197955,1.678213,9.659959,-0.161865,0.202974,0.088606,21.732544,0.982745,-44.945145,-1.064375,989.693909,0.357533,-0.921327,0.152734,0.933682,0.349101,-0.079782,0.020186,0.17113,0.985042,-1.208601,-0.171977,-0.02049,13686.336 
346,-0.231297,0.804111,0.003115,0.180358,1.662577,9.663007,-0.156006,0.21842,0.09553,21.732544,1.732745,-44.945145,-1.060654,989.693909,0.382379,-0.911791,0.149742,0.923822,0.374024,-0.081596,0.018391,0.169536,0.985352,-1.181521,-0.170358,-0.018663,13686.348 
351,-0.299561,0.811294,0.029034,0.150698,1.639855,9.667397,-0.136831,0.238127,0.081149,21.732544,1.732745,-45.245148,-1.0668,989.693909,0.382361,-0.911964,0.148734,0.923885,0.374646,-0.077952,0.015367,0.167219,0.9858,-1.181004,-0.168008,-0.015587,13686.361 
356,-0.273805,0.73851,0.148483,0.129809,1.626329,9.669984,-0.094221,0.206702,0.101389,21.732544,1.732745,-45.245148,-1.069306,989.693909,0.381541,-0.912374,0.148324,0.924257,0.374261,-0.075352,0.013237,0.165839,0.986064,-1.181523,-0.166609,-0.013423,13686.373 
361,-0.335988,0.852191,0.014558,0.101931,1.612447,9.672643,-0.040425,0.159831,0.112575,21.732544,1.732745,-45.395142,-1.073698,989.693909,0.381974,-0.912238,0.148046,0.924115,0.375215,-0.072287,0.010394,0.164424,0.986335,-1.180575,-0.165174,-0.010538,13686.385 
366,-0.329823,0.94779,-0.072111,0.088463,1.607966,9.673521,-0.004738,0.090056,0.12376,22.032545,1.732745,-45.245148,-1.069059,989.693909,0.376908,-0.914265,0.148526,0.926207,0.370452,-0.070048,0.009021,0.163967,0.986425,-1.185823,-0.164711,-0.009145,13686.398 
371,-0.273895,1.059744,-0.273687,0.07658,1.610067,9.673273,-0.002608,0.043717,0.117901,22.032545,1.732745,-45.245148,-1.070099,989.691833,0.378024,-0.913712,0.14909,0.925763,0.371718,-0.0692,0.007809,0.164181,0.986399,-1.184423,-0.164928,-0.007917,13686.410 
376,-0.123976,1.013523,-0.413121,0.074056,1.611772,9.673009,-0.011663,0.021879,0.10565,22.032545,1.732745,-45.395142,-1.071497,989.691833,0.379324,-0.913147,0.14925,0.925233,0.373027,-0.06924,0.007552,0.164355,0.986372,-1.182978,-0.165104,-0.007656,13686.422 
381,0.020726,1.151356,-0.427642,0.073349,1.613582,9.672712,-0.045218,0.005367,0.072627,22.032545,1.732745,-45.395142,-1.071493,989.691833,0.379665,-0.912977,0.149422,0.925094,0.373362,-0.069299,0.00748,0.16454,0.986342,-1.182598,-0.165291,-0.007583,13686.435 
386,0.156505,1.13893,-0.340768,0.073629,1.612997,9.672808,-0.073448,0.014955,0.045463,22.032545,1.582745,-45.545143,-1.073908,989.691833,0.375155,-0.914796,0.149692,0.926932,0.368911,-0.068574,0.007508,0.16448,0.986352,-1.187473,-0.165231,-0.007612,13686.447 
391,0.09656,1.128477,-0.279508,0.073592,1.611216,9.673105,-0.090492,0.008563,0.023625,22.482544,1.582745,-45.545143,-1.066722,989.691833,0.368484,-0.917451,0.150013,0.929604,0.362341,-0.067426,0.007504,0.164298,0.986382,-1.194657,-0.165047,-0.007608,13686.459 
396,0.01585,1.072323,-0.053618,0.073001,1.601247,9.674765,-0.088362,-0.002622,0.002852,22.482544,1.582745,-45.545143,-1.067157,989.691833,0.366898,-0.918218,0.149204,0.930231,0.360853,-0.066743,0.007444,0.163282,0.986551,-1.196345,-0.164016,-0.007545,13686.472 
401,0.035152,1.072281,0.104268,0.072959,1.593234,9.676087,-0.067056,-0.007416,-0.005137,22.632544,1.582745,-45.545143,-1.065049,989.691833,0.363522,-0.919644,0.148685,0.931556,0.357576,-0.065901,0.00744,0.162465,0.986686,-1.199965,-0.163188,-0.00754,13686.484 
406,-0.106648,1.199647,0.28467,0.073158,1.583141,9.677743,-0.034033,0.001106,-0.006735,22.632544,1.582745,-45.545143,-1.065409,989.691833,0.361866,-0.920434,0.147834,0.9322,0.356007,-0.065285,0.00746,0.161435,0.986855,-1.201737,-0.162145,-0.007559,13686.496 
411,-0.260183,1.288195,0.329291,0.073428,1.579239,9.678378,0.003251,-0.007416,0.001787,22.632544,1.582745,-45.545143,-1.065529,989.695435,0.361213,-0.920744,0.147499,0.932453,0.355384,-0.065063,0.007488,0.161038,0.98692,-1.202439,-0.161742,-0.007587,13686.509 
416,-0.235312,1.272166,0.369351,0.074397,1.579506,9.678328,0.047992,-0.020199,0.008179,22.632544,1.582745,-45.395142,-1.064183,989.695435,0.360358,-0.921071,0.147549,0.932783,0.354524,-0.065029,0.007586,0.161065,0.986915,-1.203371,-0.161769,-0.007687,13686.521 
421,-0.145934,1.23552,0.151283,0.076758,1.583967,9.67758,0.065036,-0.028721,-0.009931,22.632544,1.582745,-45.395142,-1.063792,989.695435,0.360938,-0.920796,0.147847,0.932557,0.35503,-0.065506,0.007827,0.16152,0.986838,-1.202792,-0.16223,-0.007931,13686.533 
426,-0.020494,1.399441,-0.05991,0.080656,1.599416,9.675007,0.059178,-0.05482,-0.034432,22.632544,1.582745,-45.245148,-1.061594,989.695435,0.362359,-0.92004,0.149075,0.932003,0.356268,-0.066666,0.008225,0.163095,0.986576,-1.201346,-0.163827,-0.008336,13686.546 
431,-0.063072,1.39034,-0.10296,0.084425,1.611717,9.672933,0.04959,-0.025525,-0.055205,22.932545,1.582745,-44.945145,-1.0534,989.695435,0.358351,-0.921393,0.150396,0.933547,0.35217,-0.066827,0.008609,0.164349,0.986365,-1.205715,-0.165098,-0.008728,13686.558 
436,-0.110247,1.460333,-0.330371,0.083175,1.674349,9.662299,0.018165,-0.082517,-0.065857,22.932545,1.582745,-44.945145,-1.051165,989.695435,0.368333,-0.91657,0.155659,0.929655,0.361591,-0.070662,0.008482,0.170736,0.98528,-1.195037,-0.171577,-0.008608,13686.570 
441,-0.213653,1.310764,-0.339258,0.084129,1.709913,9.656061,-0.015391,-0.079321,-0.084499,22.932545,1.732745,-44.795143,-1.047226,989.695435,0.378013,-0.912177,0.158237,0.925761,0.370851,-0.073737,0.008579,0.174363,0.984644,-1.184651,-0.175258,-0.008712,13686.583 
446,-0.247878,1.291942,-0.311881,0.089325,1.735016,9.651535,-0.039359,-0.082517,-0.091424,22.932545,1.582745,-45.395142,-1.052007,989.695435,0.380076,-0.910969,0.160243,0.92491,0.372604,-0.075542,0.009109,0.176922,0.984183,-1.182538,-0.177859,-0.009255,13686.595 
451,-0.334034,1.278746,-0.264852,0.09171,1.747712,9.649221,-0.050545,-0.066538,-0.081304,22.932545,1.582745,-45.395142,-1.05128,989.69574,0.381905,-0.910035,0.1612,0.924154,0.374267,-0.076572,0.009352,0.178217,0.983947,-1.180616,-0.179174,-0.009504,13686.607 
456,-0.282512,1.163808,0.009071,0.096791,1.745102,9.649645,-0.068654,-0.081985,-0.082369,22.932545,1.582745,-44.945145,-1.04714,989.69574,0.378527,-0.911473,0.16104,0.925538,0.370877,-0.076355,0.00987,0.177951,0.98399,-1.184357,-0.178904,-0.01003,13686.619 
461,-0.194382,1.17645,0.066894,0.105851,1.737033,9.651005,-0.083568,-0.094768,-0.086097,22.932545,1.582745,-44.945145,-1.046599,989.69574,0.376718,-0.912391,0.160085,0.926265,0.369011,-0.076575,0.010794,0.177128,0.984129,-1.186465,-0.178068,-0.010967,13686.632 
466,-0.246896,1.197547,0.242322,0.112957,1.72973,9.652236,-0.113928,-0.081452,-0.08876,22.932545,1.582745,-44.945145,-1.046211,989.69574,0.37515,-0.913181,0.159257,0.926893,0.367408,-0.076689,0.011518,0.176383,0.984254,-1.188275,-0.177311,-0.011702,13686.644 
471,-0.112826,1.305225,0.34141,0.123281,1.714429,9.65484,-0.153343,-0.07293,-0.124447,22.932545,1.582745,-44.945145,-1.045826,989.69574,0.372145,-0.914685,0.15767,0.928089,0.364402,-0.076558,0.012571,0.174823,0.98452,-1.191678,-0.175726,-0.012768,13686.656 
476,-0.002681,1.362497,0.45107,0.12849,1.700185,9.65729,-0.194355,-0.076658,-0.179841,22.932545,1.582745,-44.945145,-1.04588,989.69574,0.369615,-0.915939,0.156335,0.929093,0.361937,-0.076081,0.013102,0.173371,0.98477,-1.194475,-0.174251,-0.013304,13686.669 
481,0.143374,1.056414,0.548296,0.136602,1.673017,9.661922,-0.249217,-0.118204,-0.24855,22.932545,1.582745,-44.795143,-1.044865,989.69574,0.364038,-0.918579,0.15391,0.93128,0.356522,-0.0749,0.01393,0.1706,0.985242,-1.200571,-0.171439,-0.014137,13686.681 
486,0.086642,0.885549,0.685206,0.143429,1.650047,9.665772,-0.289164,-0.153357,-0.283704,22.932545,1.732745,-44.795143,-1.04391,989.69574,0.365124,-0.918567,0.151391,0.930844,0.357664,-0.07487,0.014626,0.168258,0.985634,-1.199485,-0.169062,-0.014838,13686.694 
491,-0.156296,0.911414,0.959268,0.159098,1.609347,9.672387,-0.323252,-0.210882,-0.29702,22.932545,1.732745,-44.795143,-1.04394,989.700623,0.357846,-0.922053,0.14753,0.93364,0.350553,-0.073684,0.016224,0.164108,0.986309,-1.207485,-0.164853,-0.016447,13686.706 
496,-0.24063,0.694581,1.204399,0.173691,1.578776,9.677174,-0.346156,-0.284385,-0.292226,22.932545,1.732745,-44.795143,-1.043669,989.700623,0.3522,-0.924697,0.144538,0.935757,0.34499,-0.073079,0.017712,0.16099,0.986797,-1.213706,-0.161694,-0.017947,13686.718 
501,-0.265835,0.361385,1.625633,0.206494,1.52961,9.684422,-0.339231,-0.33605,-0.255474,22.932545,1.732745,-44.795143,-1.042292,989.700623,0.342575,-0.929085,0.13944,0.939255,0.335369,-0.072997,0.021057,0.155977,0.987536,-1.224385,-0.156616,-0.021319,13686.731 
506,-0.137975,-0.006577,1.839748,0.234631,1.496956,9.688883,-0.339231,-0.367475,-0.219255,22.932545,1.732745,-44.795143,-1.040733,989.700623,0.335835,-0.932069,0.135874,0.941617,0.328551,-0.073565,0.023926,0.152647,0.987991,-1.231899,-0.153246,-0.024212,13686.743 
511,0.17824,-0.428098,2.177374,0.281682,1.44768,9.695116,-0.33284,-0.34404,-0.185699,22.332544,2.032745,-44.795143,-1.045636,989.700623,0.343315,-0.930327,0.128942,0.938781,0.335707,-0.077403,0.028724,0.147622,0.988627,-1.22449,-0.148164,-0.029046,13686.755 
516,0.238288,-0.587922,2.339517,0.312602,1.415521,9.698915,-0.297686,-0.272134,-0.162796,22.332544,2.032745,-44.795143,-1.043792,989.700623,0.336428,-0.933326,0.125372,0.94117,0.328735,-0.078312,0.031876,0.144343,0.989014,-1.232146,-0.144849,-0.032219,13686.768 
521,0.294463,-0.841916,2.415009,0.348345,1.373567,9.703729,-0.194888,-0.200762,-0.146285,22.182545,2.632746,-44.795143,-1.039993,989.700623,0.350413,-0.929015,0.118923,0.935921,0.342511,-0.08208,0.035521,0.140065,0.989505,-1.217576,-0.140527,-0.035883,13686.780 
526,0.312709,-0.882221,2.323133,0.366308,1.354459,9.705753,-0.077176,-0.168271,-0.144687,21.432545,3.532745,-44.795143,-1.044457,989.700623,0.387178,-0.915044,0.113084,0.921248,0.378971,-0.087655,0.037353,0.138116,0.989711,-1.178146,-0.138559,-0.037723,13686.792 
531,0.232269,-1.03448,2.16756,0.381386,1.344942,9.706496,0.051188,-0.203957,-0.132436,21.432545,3.532745,-44.795143,-1.043413,989.700745,0.38476,-0.916217,0.111834,0.922197,0.376481,-0.0884,0.03889,0.137146,0.989787,-1.180922,-0.13758,-0.039272,13686.804 
536,0.177069,-1.195948,1.628436,0.406479,1.351013,9.704634,0.151856,-0.280124,-0.122316,21.432545,4.432745,-44.795143,-1.033467,989.700745,0.413734,-0.903908,0.108507,0.909454,0.404932,-0.094464,0.041449,0.137765,0.989597,-1.149624,-0.138205,-0.041861,13686.817 
541,0.057067,-1.256153,1.309745,0.430618,1.36501,9.701633,0.225891,-0.365878,-0.104739,21.432545,4.432745,-44.795143,-1.030621,989.700745,0.41421,-0.90366,0.108759,0.909122,0.404998,-0.097335,0.043911,0.139192,0.989291,-1.149461,-0.139646,-0.044357,13686.829 
546,-0.069432,-1.237172,0.906236,0.480277,1.396709,9.694788,0.272763,-0.444707,-0.064792,20.832544,5.182745,-44.945145,-1.028947,989.700745,0.448659,-0.887439,0.105625,0.89236,0.438368,-0.107362,0.048975,0.142425,0.988593,-1.111984,-0.142911,-0.049499,13686.841 
551,-0.011024,-1.270281,0.825994,0.521474,1.422337,9.688932,0.288742,-0.440446,-0.021116,20.832544,4.282745,-44.945145,-1.031917,989.700745,0.421296,-0.90029,0.109488,0.905363,0.410417,-0.108977,0.053176,0.145038,0.987996,-1.14307,-0.145551,-0.05377,13686.854 
556,0.170922,-1.277596,0.515236,0.585102,1.462585,9.679302,0.287677,-0.368008,0.00232,20.832544,4.282745,-44.945145,-1.02425,989.700745,0.422949,-0.899411,0.110338,0.904187,0.410874,-0.116742,0.059664,0.149142,0.987014,-1.142281,-0.149701,-0.060375,13686.866 
561,0.336896,-1.30407,0.334302,0.623021,1.483467,9.673757,0.233881,-0.277461,0.019897,20.682545,5.182745,-45.395142,-1.017947,989.700745,0.454869,-0.884192,0.106296,0.88829,0.441952,-0.124982,0.06353,0.151272,0.986449,-1.107279,-0.151855,-0.064314,13686.879 
566,0.574764,-1.228373,-0.029093,0.680621,1.483794,9.669824,0.163573,-0.179989,-0.007268,20.382544,5.032745,-45.545143,-1.019976,989.700745,0.451598,-0.886118,0.104185,0.889518,0.438066,-0.129829,0.069404,0.151305,0.986048,-1.111666,-0.151888,-0.07027,13686.891 
571,0.745935,-1.078882,-0.145671,0.704794,1.490724,9.667026,0.090603,-0.053222,-0.041889,20.382544,5.032745,-45.545143,-1.017437,989.697144,0.450907,-0.886511,0.103832,0.889673,0.437025,-0.132256,0.071869,0.152012,0.985762,-1.112787,-0.152603,-0.072778,13686.903 
576,0.904439,-0.803848,-0.10653,0.724341,1.49379,9.665108,0.013371,0.037325,-0.118055,19.032543,5.032745,-45.545143,-1.037013,989.697144,0.471286,-0.87628,0.100113,0.878882,0.457089,-0.136512,0.073862,0.152324,0.985567,-1.089999,-0.152919,-0.074804,13686.916 
581,0.864454,-0.769411,-0.224974,0.722171,1.494208,9.665206,-0.062263,0.084197,-0.193689,19.032543,5.032745,-45.545143,-1.037189,989.697144,0.471506,-0.87615,0.10022,0.878783,0.457325,-0.136362,0.073641,0.152367,0.985577,-1.089727,-0.152963,-0.07458,13686.928 
586,0.814882,-0.753108,-0.142541,0.710335,1.484947,9.66751,-0.125646,0.099643,-0.254409,19.032543,5.032745,-45.845146,-1.041022,989.697144,0.47211,-0.875867,0.099846,0.878559,0.458179,-0.134931,0.072434,0.151422,0.985812,-1.088828,-0.152007,-0.073345,13686.940 
591,0.703308,-0.685152,-0.001682,0.699642,1.473533,9.670035,-0.152277,0.085795,-0.285834,19.032543,4.882746,-46.445145,-1.04849,989.697144,0.468763,-0.877665,0.099824,0.880438,0.455111,-0.133052,0.071344,0.150259,0.986069,-1.092421,-0.15083,-0.072226,13686.953 
596,0.389156,-0.630874,0.343305,0.680668,1.454236,9.674311,-0.137896,0.091121,-0.291161,19.032543,4.882746,-46.445145,-1.051146,989.697144,0.467374,-0.87848,0.099169,0.881331,0.454183,-0.130281,0.069409,0.148291,0.986505,-1.093633,-0.14884,-0.070243,13686.965 
601,0.182885,-0.500524,0.56029,0.668113,1.442745,9.676906,-0.073981,0.101774,-0.270921,19.032543,4.882746,-46.745148,-1.055071,989.697144,0.46768,-0.878373,0.098668,0.881268,0.454771,-0.128647,0.068129,0.147119,0.98677,-1.093056,-0.147655,-0.068933,13686.977 
606,0.111211,-0.390562,0.681462,0.654531,1.436049,9.678829,0.020828,0.154504,-0.225647,19.032543,4.882746,-46.745148,-1.056627,989.697144,0.467727,-0.878346,0.09869,0.881349,0.455043,-0.127116,0.066744,0.146436,0.986966,-1.092799,-0.146965,-0.067522,13686.990 
611,-0.025712,-0.148819,0.461365,0.627885,1.437991,9.680306,0.11031,0.210431,-0.175579,19.032543,4.882746,-46.745148,-1.058949,989.697815,0.470061,-0.876975,0.099784,0.880309,0.457616,-0.125077,0.064026,0.146634,0.987117,-1.089852,-0.147165,-0.064771,13687.002 
616,-0.141214,-0.133253,0.239772,0.606411,1.44855,9.680101,0.19926,0.248247,-0.125512,19.032543,4.882746,-46.745148,-1.060378,989.697815,0.473288,-0.875064,0.101297,0.878735,0.460917,-0.124021,0.061837,0.147711,0.987096,-1.085999,-0.148254,-0.062563,13687.014 
621,-0.000249,0.166928,-0.353435,0.568076,1.476412,9.678217,0.233881,0.240258,-0.099946,19.032543,4.882746,-46.745148,-1.062462,989.697815,0.480401,-0.870784,0.10464,0.875134,0.468048,-0.122768,0.057928,0.150552,0.986903,-1.0776,-0.151127,-0.058629,13687.027 
626,0.059124,0.253009,-0.617129,0.542963,1.499711,9.676076,0.230152,0.221616,-0.097815,19.482544,4.882746,-46.445145,-1.054305,989.697815,0.477032,-0.872174,0.108412,0.87714,0.464678,-0.121241,0.055367,0.152928,0.986685,-1.081269,-0.15353,-0.056055,13687.039 
631,0.293629,0.419816,-1.028261,0.508238,1.53391,9.672601,0.192336,0.195517,-0.11699,20.082544,4.882746,-46.445145,-1.046429,989.697815,0.474651,-0.872829,0.113476,0.878647,0.462282,-0.119478,0.051826,0.156415,0.986331,-1.083722,-0.15706,-0.052496,13687.051 
636,0.307689,0.499596,-1.100001,0.487425,1.553579,9.670532,0.153453,0.189125,-0.126045,20.082544,4.882746,-46.445145,-1.047335,989.697815,0.479021,-0.870152,0.115647,0.876395,0.466624,-0.119137,0.049704,0.158421,0.98612,-1.078567,-0.159091,-0.050361,13687.064 
641,0.238745,0.680662,-1.085953,0.456518,1.57713,9.668228,0.117234,0.202441,-0.124979,20.082544,4.882746,-46.745148,-1.051219,989.697815,0.485934,-0.865951,0.118313,0.872755,0.473567,-0.118461,0.046552,0.160823,0.985885,-1.070355,-0.161524,-0.047183,13687.076 
646,0.227704,0.656948,-0.867338,0.43503,1.589156,9.66725,0.104984,0.237595,-0.129773,20.532545,4.882746,-46.745148,-1.045688,989.697815,0.481823,-0.867877,0.120984,0.875145,0.469607,-0.116578,0.044361,0.162049,0.985785,-1.074813,-0.162767,-0.04497,13687.088 
651,0.23408,0.709132,-0.835384,0.397632,1.60533,9.666188,0.119365,0.273281,-0.131371,20.532545,4.882746,-46.745148,-1.048229,989.700928,0.486938,-0.864652,0.123568,0.872495,0.474953,-0.11477,0.040547,0.163698,0.985677,-1.068491,-0.164438,-0.041113,13687.101 
656,0.290804,0.719438,-0.68279,0.369485,1.617177,9.66533,0.132681,0.294054,-0.134567,20.532545,4.882746,-46.745148,-1.050144,989.700928,0.49076,-0.862209,0.125502,0.87048,0.478959,-0.113415,0.037677,0.164906,0.985589,-1.063739,-0.165663,-0.038209,13687.113 
661,0.399555,0.754325,-0.75767,0.323703,1.637113,9.663615,0.134279,0.298848,-0.143622,20.532545,4.882746,-46.745148,-1.0532,989.700928,0.497102,-0.858091,0.128718,0.867064,0.485603,-0.11131,0.033009,0.166939,0.985415,-1.05582,-0.167724,-0.033485,13687.125 
666,0.504729,0.798357,-0.787759,0.292665,1.651332,9.662187,0.135344,0.304706,-0.171851,20.832544,4.882746,-46.745148,-1.050734,989.700928,0.496422,-0.858047,0.131609,0.867568,0.485181,-0.109199,0.029844,0.168389,0.985269,-1.05617,-0.169195,-0.03028,13687.138 
671,0.585789,0.831784,-0.818375,0.24406,1.671698,9.660033,0.116169,0.322283,-0.194222,20.832544,4.882746,-46.745148,-1.053986,989.700928,0.503039,-0.853652,0.135018,0.863905,0.492158,-0.106996,0.024887,0.170466,0.985049,-1.047811,-0.171302,-0.02526,13687.150 
676,0.666053,0.812421,-0.84373,0.209552,1.683063,9.65887,0.071961,0.373416,-0.224582,20.832544,4.882746,-46.745148,-1.056436,989.700928,0.507338,-0.850749,0.137237,0.861482,0.49676,-0.105251,0.021368,0.171625,0.984931,-1.042292,-0.172479,-0.021692,13687.162 
681,0.625072,0.804248,-0.862781,0.171639,1.69146,9.658152,0.046927,0.403776,-0.233636,20.832544,4.882746,-46.745148,-1.059327,989.700928,0.511525,-0.847885,0.139402,0.85909,0.50134,-0.103068,0.017502,0.172481,0.984857,-1.036811,-0.173348,-0.01777,13687.175 
686,0.550811,0.907792,-0.853232,0.10879,1.698847,9.657767,0.008045,0.4107,-0.211266,21.432545,4.432745,-46.745148,-1.060125,989.700928,0.494036,-0.857227,0.145225,0.869371,0.484924,-0.095093,0.011093,0.173234,0.984818,-1.055987,-0.174113,-0.011264,13687.187 
691,0.481278,0.944594,-0.679729,0.065225,1.700898,9.657799,0.016034,0.386732,-0.177177,21.432545,4.432745,-46.745148,-1.063881,989.702148,0.497764,-0.854735,0.147171,0.867287,0.48923,-0.092019,0.006651,0.173443,0.984821,-1.050936,-0.174325,-0.006754,13687.199 
696,0.450509,0.94457,-0.563842,0.003785,1.704559,9.657372,0.024556,0.330273,-0.155872,21.732544,4.432745,-46.745148,-1.064715,989.702148,0.497995,-0.854013,0.150541,0.86718,0.490356,-0.086889,0.000386,0.173817,0.984778,-1.04958,-0.174704,-0.000392,13687.212 
701,0.591412,0.971675,-0.418256,-0.03038,1.709821,9.656396,0.030948,0.268487,-0.148415,21.732544,4.432745,-46.745148,-1.06746,989.702148,0.501463,-0.851655,0.152377,0.865174,0.494251,-0.084793,-0.003098,0.174353,0.984678,-1.044957,-0.175249,0.003146,13687.224 
706,0.65219,1.055401,-0.097121,-0.06592,1.726443,9.65326,0.041068,0.214692,-0.150013,22.482544,4.432745,-46.745148,-1.058826,989.702148,0.49376,-0.855425,0.156361,0.869572,0.487088,-0.081175,-0.006722,0.176048,0.984359,-1.053172,-0.17697,0.006829,13687.236 
711,0.702968,1.008379,0.032409,-0.08829,1.7318,9.652122,0.042133,0.176342,-0.150013,22.932545,4.282745,-46.745148,-1.055479,989.702148,0.484354,-0.86034,0.158794,0.874826,0.478152,-0.077789,-0.009003,0.176594,0.984243,-1.063534,-0.177525,0.009147,13687.249 
716,0.731133,1.171969,0.25355,-0.116567,1.73916,9.650498,0.033079,0.162494,-0.14948,22.932545,4.282745,-46.745148,-1.057626,989.702148,0.487539,-0.858213,0.160551,0.87302,0.481684,-0.076261,-0.011887,0.177345,0.984077,-1.059346,-0.178288,0.012078,13687.261 
721,0.610264,1.245635,0.287194,-0.134559,1.742537,9.649655,-0.002075,0.160896,-0.154807,24.882544,3.682745,-46.745148,-1.036467,989.702148,0.441304,-0.881979,0.165422,0.897253,0.436509,-0.066313,-0.013721,0.177689,0.983991,-1.111221,-0.178638,0.013944,13687.273 
726,0.404665,1.338461,0.484418,-0.160834,1.742172,9.649319,-0.062263,0.136927,-0.156405,24.582544,3.982745,-46.445145,-1.038006,989.697449,0.454636,-0.87515,0.165585,0.890526,0.450058,-0.066414,-0.016401,0.177652,0.983957,-1.095803,-0.1786,0.016666,13687.286 
731,0.336108,1.424616,0.659952,-0.176901,1.736563,9.650048,-0.102743,0.100708,-0.176645,24.582544,3.982745,-46.445145,-1.039728,989.697449,0.454984,-0.874931,0.165788,0.890317,0.450709,-0.064786,-0.018039,0.17708,0.984031,-1.095113,-0.178019,0.01833,13687.298 
736,0.461675,1.406199,1.114657,-0.19686,1.722239,9.652229,-0.101145,0.072479,-0.211266,24.282543,3.982745,-46.445145,-1.046538,989.697449,0.459007,-0.872953,0.165122,0.888206,0.455094,-0.063087,-0.020074,0.175619,0.984253,-1.090233,-0.176535,0.020393,13687.310 
741,0.347508,1.319358,1.278929,-0.20694,1.712197,9.653805,-0.08996,-0.003688,-0.263464,24.282543,3.982745,-46.445145,-1.047927,989.697449,0.458325,-0.873386,0.164728,0.888534,0.454658,-0.061591,-0.021102,0.174595,0.984414,-1.090829,-0.175495,0.021433,13687.323 
746,0.260012,1.113037,1.751596,-0.212506,1.698233,9.65615,-0.076644,-0.13578,-0.309803,24.282543,3.982745,-46.295143,-1.047838,989.697449,0.455931,-0.874796,0.163885,0.889751,0.452485,-0.059998,-0.02167,0.173172,0.984653,-1.093447,-0.174049,0.022004,13687.335 
751,0.151132,0.741458,1.821364,-0.204964,1.689925,9.657771,-0.111265,-0.271069,-0.32738,24.282543,3.982745,-45.995148,-1.045013,989.697449,0.452565,-0.876705,0.163011,0.891487,0.449101,-0.059664,-0.0209,0.172324,0.984818,-1.097389,-0.173189,0.02122,13687.347 
756,-0.147526,0.760549,1.935109,-0.186553,1.679755,9.659918,-0.167191,-0.332322,-0.300215,24.282543,3.982745,-45.995148,-1.043816,989.697449,0.449848,-0.878394,0.161431,0.892903,0.446188,-0.060343,-0.019023,0.171287,0.985037,-1.100802,-0.172136,0.01931,13687.360 
761,-0.305711,0.603263,2.110636,-0.147359,1.656622,9.664589,-0.226846,-0.315277,-0.265594,24.282543,4.282745,-45.995148,-1.038621,989.697449,0.452809,-0.877615,0.157337,0.891481,0.448614,-0.063305,-0.015026,0.168928,0.985514,-1.09825,-0.169742,0.015246,13687.372 
766,-0.276055,0.401626,2.245934,-0.12093,1.635681,9.668522,-0.270522,-0.221534,-0.246952,24.132544,4.432745,-45.995148,-1.038034,989.693909,0.454795,-0.877166,0.154084,0.890511,0.450289,-0.06504,-0.012331,0.166793,0.985915,-1.096529,-0.167576,0.012507,13687.384 
771,-0.314704,-0.006638,2.20047,-0.092664,1.596568,9.675369,-0.283305,-0.089441,-0.220853,24.132544,4.432745,-45.995148,-1.037288,989.693909,0.447418,-0.881694,0.149777,0.894275,0.442843,-0.06451,-0.009449,0.162805,0.986613,-1.105339,-0.163533,0.009577,13687.397 
